# line segments [x_st,y_st,x_ed,y_ed] for floor plan in cm
521.21 0.00 643.13 0.00 
643.13 0.00 643.13 213.36 
521.21 213.36 521.21 670.56 
521.21 670.56 643.13 670.56 
643.13 670.56 643.13 883.92 
643.13 883.92 521.21 883.92 
521.21 883.92 521.21 1502.66 
521.21 1502.66 643.13 1502.66 
643.13 1502.66 643.13 1716.02 
643.13 1716.02 521.21 1716.02 
521.21 1716.02 521.21 2337.82 
521.21 2337.82 643.13 2337.82 
643.13 2337.82 643.13 2459.74 
643.13 2459.74 521.21 2459.74 
521.21 2459.74 521.21 3304.03 
521.21 3304.03 731.52 3304.03 
731.52 3547.87 521.21 3547.87 
521.21 3547.87 521.21 5376.67 
521.21 5376.67 124.97 5376.67 
121.92 5376.67 121.92 4401.31 
121.92 4401.31 0.00 4401.31 
0.00 4401.31 0.00 3864.86 
0.00 3864.86 121.92 3864.86 
121.92 3864.86 121.92 3133.34 
121.92 3133.34 0.00 3133.34 
0.00 3133.34 0.00 2575.56 
0.00 2575.56 70.10 2575.56 
70.10 2575.56 70.10 2203.70 
70.10 2203.70 0.00 2203.70 
0.00 2203.70 0.00 1661.16 
0.00 1661.16 70.10 1661.16 
70.10 1661.16 70.10 1289.30 
70.10 1289.30 0.00 1289.30 
0.00 1289.30 0.00 731.52 
0.00 731.52 70.10 731.52 
70.10 731.52 70.10 356.62 
70.10 356.62 0.00 356.62 
0.00 356.62 0.00 0.00 
