#LiDAR location in cm from ICP
# x y rad
0.00 0.00 0.00 
0.53 -15.88 0.09 
2.00 -30.57 0.18 
2.90 -44.05 0.06 
1.90 -57.54 -0.02 
3.22 -70.97 0.10 
6.86 -84.76 0.18 
14.05 -95.41 0.23 
22.50 -102.42 0.25 
28.57 -112.14 0.20 
36.00 -124.99 0.21 
43.03 -138.67 0.20 
49.15 -153.06 0.28 
51.79 -165.87 0.17 
52.86 -182.26 0.10 
53.99 -199.88 0.12 
67.26 -225.83 -0.00 
71.95 -249.75 0.01 
76.01 -264.60 0.13 
81.42 -279.65 0.25 
89.53 -295.68 0.38 
97.99 -310.60 0.32 
106.32 -329.61 0.23 
112.12 -346.98 0.14 
117.93 -370.35 0.24 
124.09 -392.96 0.29 
147.75 -416.37 0.32 
151.79 -430.43 0.12 
155.76 -467.03 -0.04 
152.86 -503.80 -0.21 
148.77 -528.28 -0.21 
143.87 -556.08 -0.21 
135.55 -575.68 -0.36 
120.12 -595.17 -0.36 
109.96 -613.26 -0.21 
103.98 -636.56 -0.17 
99.37 -654.03 -0.11 
97.75 -667.81 0.06 
97.28 -686.95 0.11 
98.47 -710.50 0.15 
98.93 -726.94 0.21 
100.51 -749.12 0.20 
102.54 -770.70 0.27 
106.23 -801.84 0.07 
120.08 -813.08 0.32 
132.86 -829.35 0.33 
147.52 -842.10 0.35 
158.78 -861.53 0.32 
172.10 -880.49 0.32 
184.29 -897.53 0.35 
198.20 -916.06 0.38 
210.45 -932.86 0.39 
221.78 -953.64 0.32 
230.05 -967.02 0.23 
249.74 -978.21 0.30 
262.13 -992.08 0.22 
272.18 -1011.94 0.18 
279.16 -1032.13 0.09 
284.01 -1053.34 0.12 
288.82 -1073.38 0.19 
294.09 -1093.27 0.22 
302.64 -1122.26 0.12 
304.85 -1139.56 0.05 
307.90 -1164.46 0.07 
313.42 -1192.46 0.08 
317.40 -1216.19 0.14 
322.01 -1236.06 0.30 
329.16 -1249.55 0.53 
345.71 -1271.43 0.34 
352.24 -1295.77 0.10 
355.35 -1318.92 0.08 
355.68 -1342.63 -0.15 
352.80 -1368.29 -0.15 
352.08 -1387.81 0.05 
356.11 -1414.37 0.16 
362.30 -1443.32 0.20 
368.64 -1472.92 0.20 
363.77 -1498.24 -0.24 
372.28 -1512.29 -0.00 
375.04 -1529.91 0.07 
377.05 -1544.25 0.22 
384.15 -1572.24 0.26 
390.05 -1598.32 0.25 
399.28 -1623.11 0.35 
410.72 -1654.24 0.36 
421.68 -1691.15 0.32 
436.58 -1710.95 0.48 
453.25 -1732.86 0.51 
467.88 -1755.26 0.52 
487.87 -1783.70 0.47 
501.96 -1797.14 0.23 
517.06 -1813.57 -0.05 
525.75 -1831.75 -0.34 
528.47 -1848.27 -0.59 
525.74 -1872.38 -0.57 
521.33 -1899.93 -0.47 
519.66 -1925.61 -0.23 
523.50 -1955.24 -0.02 
528.41 -1980.66 0.08 
532.71 -2002.52 0.11 
537.48 -2028.53 0.12 
540.59 -2052.40 0.08 
544.66 -2085.06 0.04 
544.69 -2116.63 -0.15 
538.42 -2151.06 -0.19 
536.44 -2178.93 -0.06 
542.66 -2232.82 0.19 
542.68 -2232.36 0.19 
549.03 -2261.09 0.23 
560.84 -2284.18 0.40 
574.04 -2304.88 0.48 
584.03 -2324.19 0.43 
592.41 -2346.75 0.42 
600.55 -2369.22 0.30 
603.04 -2393.58 0.08 
603.91 -2420.98 0.04 
535.79 -2196.74 0.06 
597.68 -2429.74 -0.09 
594.87 -2450.53 -0.03 
601.43 -2470.20 0.07 
589.26 -2492.47 -0.14 
588.15 -2504.37 -0.12 
584.55 -2521.79 -0.04 
591.47 -2538.60 0.14 
598.43 -2558.38 0.18 
606.57 -2581.42 0.19 
612.05 -2601.36 0.12 
616.80 -2624.67 0.14 
620.98 -2648.40 0.13 
623.37 -2675.75 0.06 
626.35 -2711.18 0.09 
629.02 -2736.21 0.16 
634.09 -2760.08 0.34 
639.34 -2780.61 0.44 
645.50 -2806.95 0.26 
646.39 -2829.60 0.19 
648.88 -2857.42 0.14 
664.48 -2871.19 0.33 
677.22 -2889.36 0.18 
686.33 -2910.09 0.11 
694.27 -2934.34 0.04 
700.58 -2956.40 -0.04 
706.61 -2978.24 0.08 
715.49 -3000.99 0.21 
725.74 -3021.18 0.32 
736.90 -3045.58 0.21 
743.61 -3071.47 0.08 
754.11 -3098.30 0.16 
763.65 -3119.64 0.21 
775.79 -3142.01 0.32 
788.42 -3161.82 0.43 
800.54 -3182.58 0.38 
806.82 -3202.88 0.19 
810.02 -3223.11 0.10 
812.39 -3249.08 0.07 
812.61 -3249.31 0.07 
814.63 -3275.19 0.18 
824.55 -3303.63 0.31 
837.95 -3332.94 0.27 
849.77 -3350.08 0.42 
865.44 -3368.08 0.48 
877.76 -3384.28 0.35 
890.29 -3402.11 0.44 
903.71 -3420.09 0.42 
917.44 -3448.95 0.22 
924.88 -3480.20 0.08 
936.74 -3506.50 0.30 
947.28 -3522.33 0.24 
961.73 -3549.21 0.08 
969.75 -3574.22 -0.10 
975.06 -3601.01 -0.06 
983.89 -3625.28 0.11 
992.15 -3649.17 0.14 
995.35 -3681.44 0.01 
996.31 -3707.83 -0.01 
997.59 -3731.61 0.02 
998.72 -3761.49 -0.03 
1006.92 -3781.70 0.20 
1012.27 -3802.71 0.07 
1001.34 -3819.78 0.00 
1011.13 -3873.94 -0.01 
1024.80 -3893.96 -0.07 
1025.82 -3956.12 -0.12 
1028.89 -3981.52 -0.02 
1027.02 -3976.46 0.11 
1036.78 -4011.34 -0.01 
1037.12 -4011.23 0.09 
1052.34 -4032.90 0.24 
1063.56 -4053.74 0.18 
1067.22 -4068.17 0.01 
1067.96 -4097.49 -0.09 
1068.02 -4115.86 0.00 
