#RPLIDAR SCAN DATA
#COUNT=414
#Angule	Distance	Quality
355.8417 1851.0 188
356.4844 1843.0 188
357.1051 1842.0 188
357.7313 1847.0 188
358.3740 1839.0 188
358.9948 1846.0 188
359.6210 1844.0 188
0.2637 1823.0 188
0.8899 1816.0 188
1.5271 1822.0 188
9.0912 1907.0 188
9.7174 1883.0 188
10.2338 1868.0 188
10.9808 1860.0 188
11.4972 1865.0 188
12.2498 1866.0 188
12.8705 1873.0 188
13.3868 1876.0 188
14.1394 1880.0 188
14.6393 1885.0 188
15.2765 1893.0 188
16.0291 1897.0 188
16.5454 1900.0 188
17.1716 1908.0 188
17.9352 1916.0 188
18.5614 1920.0 188
19.0778 1923.0 188
19.7150 1931.0 188
20.3412 1943.0 188
21.1047 1954.0 188
21.6211 1957.0 188
22.2473 1967.0 188
22.8900 1981.0 188
23.5107 1985.0 188
24.1534 1996.0 188
24.7961 2001.0 188
25.4169 2011.0 188
26.0596 2018.0 188
26.7023 2032.0 188
27.3230 2037.0 188
27.9657 2050.0 188
28.5919 2061.0 188
29.2291 2069.0 188
29.8718 2082.0 188
30.4980 2094.0 188
31.1353 2102.0 188
31.7780 2124.0 188
32.4042 2136.0 188
33.0469 2147.0 188
33.6676 2152.0 188
34.3103 2181.0 188
34.9530 2190.0 188
35.5737 2201.0 188
36.2164 2212.0 188
36.8591 2242.0 188
37.4799 2256.0 188
38.1226 2276.0 188
38.7488 2240.0 188
39.3860 2201.0 188
40.0122 2174.0 188
40.6549 2144.0 188
41.2921 2123.0 188
41.9183 2088.0 188
42.5610 2062.0 188
43.1873 2041.0 188
43.8245 2023.0 188
44.4672 1989.0 188
45.0934 1977.0 188
45.7306 1941.0 188
46.3568 1940.0 188
51.4325 2113.0 188
52.0752 2139.0 188
56.3873 2366.0 188
57.0300 2400.0 188
60.1996 2607.0 188
60.8258 2645.0 188
63.8745 2894.0 188
66.4178 3181.0 188
68.3240 3397.0 188
70.2301 3643.0 188
93.0432 506.0 188
93.7958 493.0 188
94.5593 476.0 188
95.3229 461.0 188
95.8228 438.0 188
96.9653 408.0 188
98.2178 364.0 188
98.9813 353.0 188
99.1241 350.0 188
100.1239 349.0 188
100.7611 350.0 188
101.5302 353.0 188
101.9037 359.0 188
102.1674 365.0 188
103.0573 369.0 188
103.4363 371.0 188
104.4525 371.0 188
104.7162 370.0 188
105.3589 369.0 188
105.9796 368.0 188
107.1222 366.0 188
107.7649 362.0 188
108.5120 359.0 188
108.6548 355.0 188
109.5447 350.0 188
110.3082 344.0 188
111.0608 338.0 188
111.8243 332.0 188
112.4670 328.0 188
112.9669 327.0 188
113.8568 325.0 188
114.4995 323.0 188
115.0104 322.0 188
116.0156 321.0 188
116.2793 321.0 188
116.6693 320.0 188
117.5427 320.0 188
118.5590 320.0 188
122.7173 207.0 188
123.3435 201.0 188
123.9807 193.0 188
124.6234 188.0 188
125.2606 184.0 188
125.8868 181.0 188
126.5295 177.0 188
127.1558 174.0 188
128.0457 171.0 188
128.6719 168.0 188
129.3091 164.0 188
129.9353 162.0 188
130.5780 161.0 188
131.1987 159.0 188
131.8414 158.0 188
132.4677 157.0 188
133.1049 157.0 188
133.7311 156.0 188
134.3738 156.0 188
135.0000 155.0 188
135.6372 155.0 188
136.2799 155.0 188
136.9061 154.0 188
137.5433 154.0 188
138.1696 153.0 188
138.8123 153.0 188
139.4330 153.0 188
140.0757 152.0 188
140.7019 153.0 188
143.2343 148.0 188
143.8715 149.0 188
144.4977 149.0 188
145.1404 149.0 188
145.7776 149.0 188
146.4038 149.0 188
147.0465 149.0 188
147.6672 150.0 188
148.3099 150.0 188
148.9526 150.0 188
149.5734 150.0 188
150.2161 153.0 188
146.1237 731.0 188
146.7499 724.0 188
153.3856 158.0 188
154.0283 157.0 188
154.6545 157.0 188
155.2917 158.0 188
155.9344 158.0 188
156.5607 160.0 188
157.1979 161.0 188
157.8241 163.0 188
160.7629 184.0 188
161.3892 186.0 188
162.0264 187.0 188
162.6526 189.0 188
163.2953 190.0 188
163.9325 193.0 188
167.9370 605.0 188
168.7006 602.0 188
169.3268 599.0 188
169.9640 598.0 188
170.6067 597.0 188
171.2329 595.0 188
171.8701 594.0 188
172.6227 593.0 188
173.1390 592.0 188
173.7653 591.0 188
174.4025 589.0 188
175.1550 589.0 188
175.7922 589.0 188
176.3086 587.0 188
176.9348 587.0 188
177.6984 587.0 188
178.3246 586.0 188
178.7146 586.0 188
179.4672 585.0 188
180.1044 581.0 188
180.6207 586.0 188
181.3733 580.0 188
182.0105 581.0 188
182.7631 583.0 188
183.4058 582.0 188
183.9056 584.0 188
184.6692 585.0 188
185.0427 585.0 188
185.8118 587.0 188
186.4490 587.0 188
187.0752 588.0 188
187.7179 588.0 188
188.4650 589.0 188
189.1077 591.0 188
189.6075 590.0 188
190.3711 592.0 188
191.0138 593.0 188
191.5137 593.0 188
192.0300 595.0 188
192.9034 596.0 188
193.4198 597.0 188
193.9197 599.0 188
194.5624 600.0 188
195.1831 604.0 188
195.8258 605.0 188
196.4685 609.0 188
205.1202 191.0 188
205.7629 191.0 188
203.4503 625.0 188
204.0930 631.0 188
204.7302 628.0 188
205.3564 623.0 188
211.4978 698.0 188
212.1405 686.0 188
212.7777 683.0 188
213.5303 687.0 188
214.1675 691.0 188
214.6838 696.0 188
215.4529 700.0 188
215.9637 706.0 188
216.4801 711.0 188
217.2327 716.0 188
217.8699 722.0 188
218.5126 728.0 188
219.0289 733.0 188
219.6716 739.0 188
220.3088 746.0 188
220.8252 752.0 188
221.5778 758.0 188
222.2150 766.0 188
222.8412 774.0 188
223.3575 779.0 188
223.9948 786.0 188
224.4946 794.0 188
225.2637 804.0 188
225.7800 813.0 188
226.5271 818.0 188
227.0435 827.0 188
227.6862 837.0 188
228.3124 848.0 188
228.9496 856.0 188
229.5923 867.0 188
230.2185 878.0 188
230.7294 890.0 188
231.3721 902.0 188
231.9983 916.0 188
232.6355 923.0 188
233.2782 937.0 188
233.9044 950.0 188
234.5416 961.0 188
235.0580 975.0 188
235.6842 990.0 188
236.3269 1006.0 188
236.9641 1020.0 188
237.5903 1037.0 188
238.1067 1052.0 188
238.7494 1069.0 188
239.4965 1092.0 188
240.0128 1105.0 188
240.6555 1126.0 188
241.1554 1143.0 188
241.7926 1164.0 188
242.4188 1188.0 188
243.0615 1209.0 188
243.6987 1235.0 188
244.3250 1257.0 188
244.9677 1287.0 188
245.4840 1314.0 188
246.1047 1344.0 188
246.7474 1375.0 188
247.3901 1407.0 188
248.0109 1439.0 188
248.5272 1473.0 188
249.1699 1507.0 188
249.7961 1549.0 188
250.4333 1588.0 188
251.0760 1603.0 188
251.7023 1629.0 188
252.3395 1671.0 188
252.8558 1719.0 188
253.4821 1776.0 188
254.1248 1832.0 188
254.7620 1883.0 188
255.2618 1954.0 188
255.9045 2033.0 188
256.5417 2102.0 188
257.1680 2171.0 188
257.8107 2258.0 188
258.3270 2350.0 188
258.9478 2461.0 188
259.5905 2563.0 188
264.4025 4635.0 188
265.0452 4713.0 188
265.6824 4690.0 188
266.3086 4655.0 188
266.9513 4665.0 188
267.5775 4677.0 188
268.2147 4645.0 188
268.8409 4671.0 188
269.4836 4657.0 188
270.1208 4651.0 188
270.7471 4661.0 188
271.3898 4635.0 188
272.0105 4643.0 188
272.6532 4643.0 188
273.2794 4624.0 188
273.9166 4669.0 188
274.5428 4641.0 188
275.1855 4667.0 188
275.8228 4663.0 188
276.4490 4651.0 188
277.0917 4669.0 188
277.7179 4667.0 188
278.3551 4651.0 188
278.9813 4673.0 188
279.6240 4669.0 188
280.2612 4700.0 188
280.8875 4686.0 188
281.5137 4708.0 188
282.1509 4727.0 188
282.7771 4752.0 188
283.4198 4713.0 188
284.0460 4755.0 188
284.6832 4763.0 188
285.3094 4772.0 188
285.9521 4823.0 188
286.5729 4813.0 188
289.6216 8467.0 188
290.2478 8460.0 188
290.8740 8507.0 188
291.5112 8473.0 188
292.1375 8561.0 188
292.7802 8561.0 188
293.4009 8567.0 188
294.0436 8453.0 188
294.6698 8643.0 188
306.0571 9545.0 188
308.7158 5420.0 188
309.3585 5395.0 188
309.9792 5280.0 188
310.6219 5229.0 188
311.2482 5224.0 188
311.8854 5139.0 188
312.5116 5048.0 188
313.1543 4995.0 188
313.7805 4960.0 188
314.4177 4865.0 188
315.2966 2660.0 188
315.9338 2641.0 188
316.5601 2602.0 188
317.2028 2571.0 188
317.8235 2542.0 188
318.4662 2511.0 188
319.0924 2487.0 188
319.7296 2473.0 188
320.3558 2446.0 188
320.9985 2414.0 188
321.6248 2392.0 188
322.2620 2373.0 188
322.8882 2346.0 188
323.5309 2323.0 188
324.2944 2312.0 188
324.9207 2288.0 188
325.4370 2272.0 188
326.2006 2256.0 188
326.8268 2240.0 188
327.4640 2225.0 188
328.1067 2204.0 188
328.7329 2120.0 188
329.3701 2003.0 188
330.0128 1985.0 188
330.7654 1970.0 188
331.2762 1962.0 188
332.0453 1950.0 188
332.6715 1929.0 188
333.3087 1925.0 188
333.9514 1918.0 188
334.5776 1901.0 188
335.2148 1888.0 188
335.8575 1883.0 188
336.4838 1873.0 188
336.9946 1860.0 188
337.7637 1858.0 188
338.3899 1842.0 188
339.0271 1838.0 188
339.6698 1829.0 188
340.2960 1816.0 188
340.9332 1808.0 188
341.5759 1803.0 188
342.2021 1802.0 188
342.8229 1811.0 188
343.4656 1853.0 188
344.0918 1690.0 188
344.7290 1920.0 188
345.2344 1920.0 188
345.8716 1914.0 188
346.4978 1904.0 188
347.1240 1944.0 188
358.2916 151.0 188
