#RPLIDAR SCAN DATA
#COUNT=434
#Angule	Distance	Quality
355.8746 1730.0 188
356.5118 1725.0 188
357.1381 1726.0 188
357.7808 1721.0 188
358.4015 1725.0 188
359.0442 1725.0 188
359.6869 1720.0 188
0.3076 1714.0 188
0.9503 1693.0 188
9.0747 1966.0 188
9.7174 1960.0 188
10.3436 1939.0 188
10.9808 1932.0 188
11.6235 1938.0 188
12.3706 1939.0 188
12.8870 1947.0 188
13.5132 1948.0 188
14.1559 1952.0 188
14.7931 1963.0 188
15.4193 1965.0 188
16.0620 1970.0 188
16.6992 1974.0 188
17.3254 1988.0 188
17.9681 2001.0 188
18.5889 2005.0 188
19.2316 2014.0 188
19.8743 2020.0 188
20.4950 2025.0 188
21.1377 2041.0 188
21.7804 2046.0 188
22.4011 2057.0 188
23.0438 2064.0 188
23.6700 2075.0 188
24.3073 2089.0 188
24.9500 2096.0 188
25.5762 2098.0 188
26.2134 2131.0 188
26.8561 2127.0 188
27.4823 2145.0 188
28.1250 2158.0 188
28.7457 2173.0 188
29.3884 2191.0 188
30.0311 2199.0 188
30.6519 2210.0 188
31.2946 2239.0 188
31.9373 2248.0 188
32.5745 2260.0 188
33.0908 2281.0 188
33.7335 2300.0 188
34.4971 2314.0 188
35.1398 2330.0 188
35.7770 2361.0 188
36.3098 2372.0 188
36.9525 2392.0 188
37.5897 2414.0 188
38.2324 2436.0 188
38.8696 2456.0 188
39.5123 2475.0 188
40.1715 2512.0 188
40.8087 2530.0 188
41.4514 2549.0 188
42.0886 2577.0 188
42.7313 2608.0 188
43.3740 2631.0 188
44.0112 2670.0 188
44.6704 2694.0 188
45.3076 2721.0 188
45.9503 2756.0 188
46.5930 2740.0 188
47.2302 2726.0 188
47.8729 2699.0 188
48.5266 2667.0 188
49.1693 2653.0 188
49.8120 2629.0 188
50.4492 2594.0 188
51.0919 2582.0 188
51.7291 2553.0 188
52.3883 2530.0 188
53.0310 2517.0 188
53.6682 2497.0 188
54.3109 2511.0 188
57.5134 2725.0 188
60.5896 3000.0 188
63.1549 3266.0 188
65.0775 3479.0 188
66.9946 3797.0 188
90.1208 483.0 188
90.8899 466.0 188
91.5271 456.0 188
92.4170 447.0 188
92.8125 435.0 188
93.8232 422.0 188
94.4659 415.0 188
95.1086 405.0 188
95.7458 393.0 188
97.0148 369.0 188
98.0145 350.0 188
98.9044 334.0 188
99.5416 329.0 188
100.3107 326.0 188
100.4370 324.0 188
101.3269 323.0 188
102.2168 324.0 188
102.4805 326.0 188
103.8867 361.0 188
104.6558 361.0 188
105.0458 362.0 188
105.5457 363.0 188
106.3092 363.0 188
106.8256 361.0 188
107.9681 358.0 188
108.7317 353.0 188
109.2316 349.0 188
109.9951 344.0 188
110.8905 340.0 188
111.5277 337.0 188
111.7804 336.0 188
112.2968 335.0 188
113.4338 333.0 188
113.7030 334.0 188
114.4666 334.0 188
115.2136 336.0 188
115.8563 337.0 188
116.3727 339.0 188
117.0154 343.0 188
117.2791 348.0 188
117.7789 353.0 188
118.7952 357.0 188
119.1852 364.0 188
123.0743 205.0 188
124.2169 194.0 188
124.8541 186.0 188
125.4968 181.0 188
126.1395 178.0 188
126.7767 174.0 188
127.6666 171.0 188
128.3093 168.0 188
128.9520 164.0 188
129.5892 161.0 188
130.2319 159.0 188
130.8746 158.0 188
131.5118 157.0 188
132.1381 155.0 188
132.7808 155.0 188
133.4180 154.0 188
134.0607 153.0 188
134.6979 152.0 188
135.3406 151.0 188
135.9833 150.0 188
136.6205 150.0 188
137.2632 149.0 188
137.9059 149.0 188
138.5431 148.0 188
139.1858 148.0 188
139.8230 148.0 188
140.4657 148.0 188
141.1084 148.0 188
141.7456 148.0 188
142.3718 147.0 188
143.0145 147.0 188
143.6517 147.0 188
144.2944 147.0 188
144.9371 147.0 188
145.5743 148.0 188
146.2006 149.0 188
150.0293 153.0 188
150.6665 153.0 188
151.3092 153.0 188
151.9519 153.0 188
152.5891 153.0 188
153.2318 154.0 188
153.8745 155.0 188
154.4952 157.0 188
158.0768 177.0 188
158.9667 178.0 188
159.3567 179.0 188
159.9994 181.0 188
160.6366 182.0 188
161.2793 184.0 188
161.9165 185.0 188
166.9977 555.0 188
167.4976 553.0 188
168.2611 552.0 188
168.9038 551.0 188
169.4202 549.0 188
170.0574 549.0 188
170.6836 548.0 188
171.5735 547.0 188
172.0898 546.0 188
172.7325 546.0 188
173.2489 545.0 188
173.9960 544.0 188
174.6387 544.0 188
175.1550 544.0 188
175.7922 543.0 188
176.4349 541.0 188
177.1985 539.0 188
177.9510 534.0 188
178.3411 539.0 188
179.2310 537.0 188
179.7473 539.0 188
180.2637 535.0 188
180.9009 545.0 188
181.6699 544.0 188
182.1863 545.0 188
182.9333 545.0 188
183.7024 546.0 188
184.2188 545.0 188
184.7296 545.0 188
185.3723 546.0 188
186.1359 548.0 188
186.7786 548.0 188
187.4213 549.0 188
188.0420 549.0 188
188.5583 551.0 188
189.2010 553.0 188
189.8438 554.0 188
190.4810 554.0 188
191.2500 555.0 188
191.8872 557.0 188
192.4036 558.0 188
193.1561 561.0 188
193.6670 562.0 188
194.4360 564.0 188
194.9524 566.0 188
195.5896 567.0 188
196.1060 570.0 188
196.7487 575.0 188
205.3125 192.0 188
205.9497 191.0 188
203.7634 600.0 188
204.2633 603.0 188
205.0269 595.0 188
211.7944 666.0 188
212.4371 657.0 188
213.0743 659.0 188
213.7170 665.0 188
214.3433 670.0 188
214.9805 674.0 188
215.6232 681.0 188
216.2604 688.0 188
216.9031 691.0 188
217.5458 699.0 188
218.0621 705.0 188
218.6993 712.0 188
219.2157 718.0 188
219.9792 723.0 188
220.6219 731.0 188
221.2646 739.0 188
221.9183 745.0 188
222.4347 754.0 188
223.0774 761.0 188
223.7146 771.0 188
224.2310 778.0 188
225.0000 787.0 188
225.6537 795.0 188
226.0437 805.0 188
226.6864 815.0 188
227.3236 826.0 188
228.0927 834.0 188
228.6090 845.0 188
229.2462 857.0 188
229.9054 869.0 188
230.4218 882.0 188
231.0590 893.0 188
231.7017 905.0 188
232.3389 918.0 188
232.9816 935.0 188
233.6353 948.0 188
234.1516 962.0 188
234.7943 978.0 188
235.4370 995.0 188
236.0742 1011.0 188
236.7169 1031.0 188
237.2498 1047.0 188
237.9968 1069.0 188
238.5132 1086.0 188
239.1559 1110.0 188
239.7931 1130.0 188
240.3094 1151.0 188
240.9521 1175.0 188
241.5894 1198.0 188
242.2321 1224.0 188
242.8583 1252.0 188
243.3746 1276.0 188
244.0118 1310.0 188
244.6545 1345.0 188
245.2917 1376.0 188
245.9344 1411.0 188
246.4508 1450.0 188
247.0935 1486.0 188
247.7142 1528.0 188
248.3569 1575.0 188
248.9996 1617.0 188
249.6368 1671.0 188
250.1532 1715.0 188
250.7959 1770.0 188
251.4331 1825.0 188
252.0758 1887.0 188
252.5757 1966.0 188
253.2184 2041.0 188
253.8556 2112.0 188
254.4983 2158.0 188
255.1355 2204.0 188
255.7782 2302.0 188
256.2946 2430.0 188
257.5580 2787.0 188
259.9805 3905.0 188
260.6232 3943.0 188
261.1395 3955.0 188
261.7767 3963.0 188
262.4030 3977.0 188
263.0457 3983.0 188
263.6829 3949.0 188
264.4519 3957.0 188
264.9518 3930.0 188
265.5890 3940.0 188
266.2317 3959.0 188
266.8744 3950.0 188
267.4951 3935.0 188
268.1378 3931.0 188
268.9014 3925.0 188
269.4177 3922.0 188
270.0439 3930.0 188
270.8075 3934.0 188
271.3239 3938.0 188
271.9666 3930.0 188
272.5928 3949.0 188
273.2300 3963.0 188
273.9990 3943.0 188
274.5154 3950.0 188
275.1361 3963.0 188
275.7788 3971.0 188
276.4215 3966.0 188
277.0587 3968.0 188
277.8113 3956.0 188
278.3276 3974.0 188
278.9648 3978.0 188
279.6075 4001.0 188
280.2338 3992.0 188
280.8710 4010.0 188
281.5137 4051.0 188
282.1509 4047.0 188
282.7936 4065.0 188
283.4198 4075.0 188
284.0625 4090.0 188
284.6997 4108.0 188
285.3424 4108.0 188
285.9686 4150.0 188
287.7649 7662.0 188
288.4021 7733.0 188
289.0283 7766.0 188
289.6710 7783.0 188
290.3082 7794.0 188
290.9509 7806.0 188
291.5771 7828.0 188
292.2144 7885.0 188
292.8571 7778.0 188
293.4998 7967.0 188
294.1370 8080.0 188
294.7632 8222.0 188
295.4059 8222.0 188
296.0431 8285.0 188
296.6858 8355.0 188
297.3230 8394.0 188
297.9492 8336.0 188
298.5919 8362.0 188
299.2291 8547.0 188
299.8718 8487.0 188
300.5145 8507.0 188
301.1517 8602.0 188
301.7780 8671.0 188
302.4207 8791.0 188
307.5293 9347.0 188
308.8092 9511.0 188
309.4519 9453.0 188
310.1990 5898.0 188
310.8417 5096.0 188
311.4844 4910.0 188
313.4015 4696.0 188
314.0277 4675.0 188
314.6704 4639.0 188
315.3076 4581.0 188
315.9503 4511.0 188
316.5930 4495.0 188
317.2302 4439.0 188
317.8729 4419.0 188
318.4991 4379.0 188
319.1364 4292.0 188
319.7791 4283.0 188
320.4218 4242.0 188
321.0425 4205.0 188
321.6852 4195.0 188
322.3279 4111.0 188
322.9651 4067.0 188
323.5913 4050.0 188
324.2340 4031.0 188
325.2448 2234.0 188
325.8875 2232.0 188
326.5137 2203.0 188
327.1509 2193.0 188
327.7936 2185.0 188
328.4363 2168.0 188
329.0625 2156.0 188
329.6997 2143.0 188
330.3424 2135.0 188
330.9796 2119.0 188
331.6058 2108.0 188
332.2485 2097.0 188
332.8857 2085.0 188
333.5284 2073.0 188
334.1547 2057.0 188
334.7919 2042.0 188
335.4346 2037.0 188
336.0773 2027.0 188
336.6980 2017.0 188
337.3407 2012.0 188
337.9834 2008.0 188
338.6206 1999.0 188
339.2468 1994.0 188
339.8895 1976.0 188
340.5267 1972.0 188
341.1694 1968.0 188
341.8121 1963.0 188
342.4493 1960.0 188
343.2184 1948.0 188
343.7292 1947.0 188
344.4983 1942.0 188
345.0146 1938.0 188
345.7617 1911.0 188
346.4044 1782.0 188
347.0416 1797.0 188
358.1378 149.0 188
358.7805 147.0 188
