#RPLIDAR SCAN DATA
#COUNT=436
#Angule	Distance	Quality
356.4954 1399.0 188
357.1381 1407.0 188
357.7643 1419.0 188
358.2806 1424.0 188
358.9014 1434.0 188
359.6704 1443.0 188
0.1703 1436.0 188
0.9338 1431.0 188
8.9209 1658.0 188
9.6844 1651.0 188
10.1843 1645.0 188
10.8270 1833.0 188
11.4642 1859.0 188
12.0905 1880.0 188
12.7332 1892.0 188
13.3594 1918.0 188
13.8702 1933.0 188
14.6393 1949.0 188
15.1392 1974.0 188
15.7764 1997.0 188
16.4191 2018.0 188
17.0453 2040.0 188
17.6825 2058.0 188
18.3087 2088.0 188
18.9514 2113.0 188
19.5886 2138.0 188
20.2148 2158.0 188
20.8575 2186.0 188
21.4948 2210.0 188
22.1210 2235.0 188
22.6373 2277.0 188
23.2635 2307.0 188
24.0271 2337.0 188
24.6698 2369.0 188
25.1697 2408.0 188
25.8124 2442.0 188
26.4496 2486.0 188
27.0758 2527.0 188
27.7185 2568.0 188
28.3557 2605.0 188
28.9819 2658.0 188
29.6246 2699.0 188
30.2618 2745.0 188
30.9045 2791.0 188
31.5308 2855.0 188
32.1680 2907.0 188
32.6843 2969.0 188
33.3105 3022.0 188
33.9478 3099.0 188
34.5905 3165.0 188
35.2332 3232.0 188
35.8594 3241.0 188
36.4966 3242.0 188
37.1393 3219.0 188
37.7655 3209.0 188
38.4027 3191.0 188
39.0454 3175.0 188
39.6826 3172.0 188
40.3088 3146.0 188
40.9515 3126.0 188
41.5887 3120.0 188
42.2150 3113.0 188
42.8577 3106.0 188
46.0437 3635.0 188
47.8400 4181.0 188
50.4053 5191.0 188
75.3278 4516.0 188
75.9650 4618.0 188
76.5912 4910.0 188
77.3547 3511.0 188
81.1670 2889.0 188
81.9360 2842.0 188
82.5732 2747.0 188
85.9515 421.0 188
86.9678 413.0 188
87.6050 407.0 188
88.2477 402.0 188
88.7476 400.0 188
89.6375 370.0 188
90.9009 345.0 188
91.2964 341.0 188
92.2961 338.0 188
93.1860 337.0 188
93.4332 336.0 188
93.9496 336.0 188
94.8395 336.0 188
95.4657 336.0 188
96.2292 337.0 188
96.7456 339.0 188
96.8719 341.0 188
97.8882 344.0 188
98.1354 348.0 188
98.6517 352.0 188
99.4208 354.0 188
100.1678 356.0 188
100.8105 358.0 188
101.5741 359.0 188
102.2003 358.0 188
102.4640 357.0 188
103.5901 356.0 188
104.1064 355.0 188
104.7491 354.0 188
105.1227 351.0 188
105.8862 349.0 188
106.5289 347.0 188
107.2760 344.0 188
108.1714 342.0 188
108.4186 341.0 188
109.0613 340.0 188
109.8248 339.0 188
110.3247 339.0 188
111.0938 339.0 188
111.9836 340.0 188
112.4835 341.0 188
113.2471 342.0 188
113.6206 343.0 188
114.2633 345.0 188
114.6533 347.0 188
115.2795 350.0 188
116.2958 352.0 188
116.9330 357.0 188
116.9330 364.0 188
117.8229 381.0 188
118.2184 394.0 188
118.7183 401.0 188
119.1083 406.0 188
124.7498 176.0 188
125.6396 172.0 188
126.2769 169.0 188
126.9031 167.0 188
127.5458 164.0 188
128.1830 162.0 188
128.8092 159.0 188
129.4519 157.0 188
130.0891 155.0 188
130.7153 154.0 188
131.3580 153.0 188
131.9952 152.0 188
132.6215 152.0 188
133.2642 152.0 188
133.9014 152.0 188
134.5276 151.0 188
135.1703 151.0 188
135.8075 151.0 188
136.4337 151.0 188
137.0764 150.0 188
137.7026 150.0 188
138.3398 149.0 188
138.9661 149.0 188
139.6088 149.0 188
140.2295 149.0 188
140.8722 149.0 188
141.4984 149.0 188
142.1356 149.0 188
142.7618 149.0 188
143.4045 149.0 188
144.0308 149.0 188
144.6680 149.0 188
145.2942 149.0 188
145.9369 148.0 188
146.5741 149.0 188
147.2003 149.0 188
147.8430 150.0 188
148.4637 153.0 188
150.3699 160.0 188
150.9961 158.0 188
151.6388 158.0 188
152.2650 158.0 188
152.9022 158.0 188
153.5284 159.0 188
154.1711 161.0 188
154.7919 163.0 188
158.3734 183.0 188
159.0106 183.0 188
159.6368 183.0 188
160.2795 183.0 188
160.9167 184.0 188
161.5594 185.0 188
162.2021 187.0 188
162.8229 188.0 188
163.4656 190.0 188
164.1083 193.0 188
164.7455 197.0 188
160.9167 1062.0 188
161.5594 1039.0 188
162.2021 1015.0 188
167.8107 1091.0 188
168.4479 1084.0 188
169.2169 1071.0 188
169.7333 1074.0 188
170.4803 1080.0 188
170.9967 1083.0 188
171.6394 1088.0 188
172.2656 1092.0 188
172.9028 1098.0 188
173.5455 1103.0 188
174.1718 1106.0 188
174.6826 1113.0 188
175.4517 1118.0 188
176.0779 1124.0 188
176.7151 1132.0 188
177.3578 1134.0 188
177.9840 1140.0 188
178.6212 1148.0 188
179.1376 1156.0 188
179.7803 1161.0 188
180.4010 1167.0 188
181.0437 1177.0 188
181.6864 1184.0 188
182.3071 1189.0 188
182.9498 1199.0 188
183.5925 1204.0 188
184.2188 1216.0 188
184.8560 1224.0 188
185.4987 1234.0 188
186.1249 1242.0 188
186.7621 1253.0 188
187.4048 1262.0 188
188.0310 1271.0 188
188.5419 1283.0 188
189.3109 1296.0 188
189.8273 1309.0 188
190.4480 1320.0 188
191.0907 1330.0 188
191.7334 1340.0 188
192.3541 1358.0 188
192.9968 1370.0 188
193.6395 1382.0 188
194.2767 1398.0 188
194.9030 1415.0 188
204.8401 190.0 188
205.4828 190.0 188
206.1090 191.0 188
202.4176 1623.0 188
203.0603 1655.0 188
203.6865 1677.0 188
204.2029 1696.0 188
204.8401 1717.0 188
205.4663 1738.0 188
206.1090 1734.0 188
212.9974 2189.0 188
213.6401 2203.0 188
215.4364 2464.0 188
216.0736 2517.0 188
216.7163 2556.0 188
217.3590 2645.0 188
218.6389 2793.0 188
222.3413 3172.0 188
222.9840 3178.0 188
223.6212 3177.0 188
224.2639 3172.0 188
224.9011 3159.0 188
225.5438 3159.0 188
226.1865 3146.0 188
226.8237 3127.0 188
227.4664 3120.0 188
228.1091 3111.0 188
228.7463 3106.0 188
229.3890 3099.0 188
230.0262 3088.0 188
230.6525 3084.0 188
231.2952 3082.0 188
231.9324 3060.0 188
232.5751 3062.0 188
233.2013 3050.0 188
233.8385 3044.0 188
234.4812 3047.0 188
235.1239 3049.0 188
235.7611 3038.0 188
236.3873 3051.0 188
237.0300 3049.0 188
237.6672 3044.0 188
238.3099 3046.0 188
238.9362 3023.0 188
239.5734 3024.0 188
240.2161 3023.0 188
240.8588 3026.0 188
241.4960 3030.0 188
242.1222 3020.0 188
242.7649 3025.0 188
243.4021 3021.0 188
244.0448 3028.0 188
244.6710 3046.0 188
245.3082 3044.0 188
245.9509 3036.0 188
246.5936 3045.0 188
247.2308 3046.0 188
247.8571 3054.0 188
248.4998 3084.0 188
249.1370 3087.0 188
249.7797 3081.0 188
250.4169 3077.0 188
251.0431 3101.0 188
251.6858 3102.0 188
252.3230 3095.0 188
252.9657 3109.0 188
253.5919 3119.0 188
254.2291 3117.0 188
254.8718 3113.0 188
255.5145 3137.0 188
256.5308 6628.0 188
257.1680 6735.0 188
257.8107 6752.0 188
259.0741 6685.0 188
259.7168 6765.0 188
260.3540 6786.0 188
260.9802 6921.0 188
262.9028 7010.0 188
263.5291 6988.0 188
264.1718 7024.0 188
265.4517 7098.0 188
266.0779 7079.0 188
266.7151 7154.0 188
267.3578 7135.0 188
267.9950 7216.0 188
268.6212 7280.0 188
269.2639 7309.0 188
269.9011 7339.0 188
270.5438 7379.0 188
271.1700 7425.0 188
271.8073 7544.0 188
272.4335 7586.0 188
273.0762 7549.0 188
273.7024 7597.0 188
274.3396 7645.0 188
274.9658 7711.0 188
275.6085 7823.0 188
276.2292 7891.0 188
276.8719 7885.0 188
277.4982 7938.0 188
279.4043 8329.0 188
280.0305 8362.0 188
280.6677 8434.0 188
281.3104 8460.0 188
281.9366 8507.0 188
282.5739 8574.0 188
283.2001 8650.0 188
285.8588 5030.0 188
286.4960 4673.0 188
287.1222 3996.0 188
287.8857 3925.0 188
288.3856 3872.0 188
289.1547 3809.0 188
289.6545 3773.0 188
290.4181 3763.0 188
291.0608 3724.0 188
291.6870 3690.0 188
292.3077 3667.0 188
292.9504 3623.0 188
293.5767 3597.0 188
294.2139 3558.0 188
294.8401 3528.0 188
295.4663 3500.0 188
296.1090 3477.0 188
296.7297 3455.0 188
297.3724 3423.0 188
297.9987 3408.0 188
298.6249 3378.0 188
299.2621 3367.0 188
299.8883 3328.0 188
300.5310 3305.0 188
301.1517 3293.0 188
301.7780 3267.0 188
302.4207 3260.0 188
303.0469 3222.0 188
303.6841 3216.0 188
304.3103 3193.0 188
304.9365 3181.0 188
305.5737 3187.0 188
306.8427 3139.0 188
307.4634 3117.0 188
308.0896 3108.0 188
308.7323 3100.0 188
309.3585 3085.0 188
309.9957 3096.0 188
310.6219 3186.0 188
311.2646 3270.0 188
311.8854 3353.0 188
312.5281 3467.0 188
313.1708 3567.0 188
313.8080 3618.0 188
314.4342 3634.0 188
315.0769 3620.0 188
315.7141 3599.0 188
316.3568 3604.0 188
317.4994 1455.0 188
318.2465 1446.0 188
318.7628 1447.0 188
319.4055 1441.0 188
320.0427 1434.0 188
320.7953 1433.0 188
321.4325 1429.0 188
321.9489 1430.0 188
322.7179 1428.0 188
323.3551 1427.0 188
323.9813 1430.0 188
324.6240 1426.0 188
325.1404 1424.0 188
325.9039 1421.0 188
326.5302 1425.0 188
327.1674 1418.0 188
327.8101 1419.0 188
328.4528 1412.0 188
329.0900 1412.0 188
329.7162 1416.0 188
330.2325 1407.0 188
330.9961 1407.0 188
331.6388 1404.0 188
332.2760 1426.0 188
332.9022 1412.0 188
333.5449 1416.0 188
334.0448 1416.0 188
334.6875 1415.0 188
335.4346 1414.0 188
336.0773 1418.0 188
336.5771 1424.0 188
337.2144 1425.0 188
337.9669 1421.0 188
338.6041 1427.0 188
339.1040 1427.0 188
339.8730 1431.0 188
340.4993 1431.0 188
341.1365 1435.0 188
341.7627 1435.0 188
342.2791 1436.0 188
343.0261 1445.0 188
343.5425 1449.0 188
344.1687 1454.0 188
344.9323 1459.0 188
345.4321 1466.0 188
346.0748 1469.0 188
346.8274 1468.0 188
347.3438 1498.0 188
356.9952 147.0 188
357.6215 148.0 188
358.2642 149.0 188
