#RPLIDAR SCAN DATA
#COUNT=467
#Angule	Distance	Quality
356.4679 1203.0 188
357.1051 1215.0 188
357.7313 1216.0 188
358.3575 1215.0 188
358.9948 1218.0 188
359.6210 1219.0 188
0.2472 1215.0 188
0.8899 1201.0 188
8.9813 1315.0 188
9.7339 1304.0 188
10.3711 1298.0 188
10.8710 1300.0 188
11.5137 1308.0 188
12.2607 1312.0 188
12.7771 1319.0 188
13.5297 1322.0 188
14.0460 1330.0 188
14.6667 1338.0 188
15.3094 1348.0 188
15.9357 1356.0 188
16.5729 1363.0 188
17.1991 1373.0 188
17.8418 1380.0 188
18.4680 1388.0 188
19.1052 1396.0 188
19.6051 1409.0 188
20.3741 1416.0 188
20.9949 1428.0 188
21.6376 1436.0 188
22.2638 1446.0 188
22.9010 1457.0 188
23.5272 1469.0 188
24.0436 1482.0 188
24.6698 1492.0 188
25.3125 1499.0 188
25.9497 1511.0 188
26.5924 1496.0 188
27.3395 1477.0 188
27.9822 1455.0 188
28.4985 1438.0 188
29.2621 1421.0 188
29.9048 1401.0 188
30.5310 1417.0 188
31.1682 1428.0 188
31.8109 1446.0 188
32.3273 1459.0 188
32.9480 1474.0 188
33.5907 1494.0 188
34.2334 1510.0 188
34.8706 1524.0 188
35.5133 1541.0 188
36.1395 1562.0 188
36.7767 1582.0 188
37.4194 1598.0 188
38.0621 1624.0 188
38.5620 1642.0 188
39.3256 1664.0 188
39.8419 1682.0 188
40.4791 1711.0 188
41.1218 1741.0 188
41.7480 1761.0 188
42.2644 2020.0 188
42.9016 2055.0 188
43.5443 2095.0 188
44.1870 2124.0 188
44.8077 2157.0 188
45.4504 2198.0 188
46.0931 2224.0 188
46.7303 2269.0 188
47.2467 2310.0 188
47.9993 2342.0 188
48.5156 2402.0 188
49.1528 2435.0 188
49.7955 2476.0 188
50.4327 2541.0 188
51.0590 2598.0 188
51.7017 2647.0 188
52.3389 2704.0 188
52.9816 2764.0 188
53.6243 2818.0 188
54.1406 2889.0 188
54.7614 2959.0 188
55.4041 3030.0 188
56.0468 3125.0 188
56.6840 3218.0 188
57.3267 3293.0 188
57.9529 3365.0 188
58.5901 3473.0 188
59.2328 3494.0 188
59.8700 3502.0 188
60.5127 3488.0 188
61.1389 3488.0 188
61.7761 3477.0 188
62.4188 3469.0 188
63.0615 3454.0 188
63.6987 3435.0 188
64.3414 3434.0 188
64.9677 3425.0 188
65.6049 3424.0 188
67.3901 3773.0 188
68.6700 4271.0 188
69.3073 4515.0 188
87.3413 410.0 188
88.1049 400.0 188
88.7311 394.0 188
89.1211 391.0 188
89.7638 390.0 188
90.6537 369.0 188
91.9061 339.0 188
92.5433 337.0 188
92.9333 334.0 188
93.7024 333.0 188
94.2188 332.0 188
95.3394 332.0 188
95.6085 332.0 188
96.6248 332.0 188
97.2620 333.0 188
97.8882 335.0 188
98.2782 337.0 188
99.0417 340.0 188
99.1846 344.0 188
99.7009 348.0 188
100.4480 351.0 188
101.3434 353.0 188
101.8542 355.0 188
102.7496 355.0 188
102.8705 354.0 188
103.7604 354.0 188
104.6558 352.0 188
104.9194 351.0 188
106.0620 349.0 188
106.3092 346.0 188
107.1991 343.0 188
107.9681 341.0 188
108.3582 339.0 188
109.4952 338.0 188
109.9951 336.0 188
110.5115 336.0 188
111.2640 335.0 188
112.0276 335.0 188
112.2803 335.0 188
112.6703 335.0 188
113.2965 336.0 188
114.0601 336.0 188
114.9335 337.0 188
115.0763 338.0 188
116.2024 340.0 188
116.3397 342.0 188
117.2186 345.0 188
117.6086 349.0 188
119.1357 402.0 188
119.8883 406.0 188
120.1520 409.0 188
125.7935 176.0 188
126.4197 173.0 188
127.3096 169.0 188
127.9358 166.0 188
128.5730 163.0 188
129.1992 160.0 188
129.8419 158.0 188
130.4681 156.0 188
131.1053 155.0 188
131.7316 154.0 188
132.3743 153.0 188
133.0115 153.0 188
133.6377 152.0 188
134.2804 152.0 188
134.9176 152.0 188
135.5438 151.0 188
136.1865 150.0 188
136.8237 149.0 188
137.4500 149.0 188
138.0927 149.0 188
138.7299 148.0 188
139.3561 148.0 188
139.9988 148.0 188
140.6360 148.0 188
141.2622 148.0 188
141.9049 148.0 188
142.5421 147.0 188
143.1848 147.0 188
143.8110 147.0 188
144.4482 147.0 188
145.0909 147.0 188
145.7172 147.0 188
146.3544 146.0 188
146.9971 146.0 188
147.6233 147.0 188
148.2605 147.0 188
148.9032 147.0 188
149.5294 147.0 188
150.1666 147.0 188
150.8093 148.0 188
151.4355 149.0 188
152.0728 150.0 188
152.7155 152.0 188
153.3582 153.0 188
153.9844 153.0 188
154.6216 153.0 188
155.2478 153.0 188
155.8905 153.0 188
156.5112 153.0 188
157.1539 153.0 188
157.7802 153.0 188
158.4174 155.0 188
159.0436 156.0 188
159.6863 157.0 188
163.2294 188.0 188
163.8556 192.0 188
159.0106 1253.0 188
159.7632 1238.0 188
167.9974 1247.0 188
168.6237 1229.0 188
169.2609 1229.0 188
169.8871 1229.0 188
170.5298 1226.0 188
171.1670 1228.0 188
171.7932 1228.0 188
172.4359 1231.0 188
173.0621 1232.0 188
173.6993 1233.0 188
174.2157 1243.0 188
174.9683 1238.0 188
175.6055 1239.0 188
176.2317 1240.0 188
176.8744 1245.0 188
177.5116 1246.0 188
178.1378 1244.0 188
178.7805 1247.0 188
179.4012 1251.0 188
180.0439 1252.0 188
180.6866 1254.0 188
181.3074 1255.0 188
181.9501 1262.0 188
182.5763 1265.0 188
183.2135 1270.0 188
183.7299 1274.0 188
184.4824 1275.0 188
185.1196 1282.0 188
185.6250 1286.0 188
186.2622 1290.0 188
186.9049 1292.0 188
187.5311 1299.0 188
188.2947 1305.0 188
188.9209 1310.0 188
189.4373 1313.0 188
190.0745 1320.0 188
190.7007 1326.0 188
191.3434 1331.0 188
191.9806 1339.0 188
192.6068 1343.0 188
193.2495 1350.0 188
193.8702 1360.0 188
194.5129 1365.0 188
195.1556 1377.0 188
205.0763 188.0 188
205.7025 192.0 188
206.3397 196.0 188
202.6373 1481.0 188
203.2800 1495.0 188
203.9063 1503.0 188
204.5435 1521.0 188
205.1862 1523.0 188
205.8124 1517.0 188
212.7008 1743.0 188
213.3435 1732.0 188
213.9807 1752.0 188
214.6234 1776.0 188
215.2606 1791.0 188
215.9033 1814.0 188
216.5460 1830.0 188
217.1832 1851.0 188
217.8094 1878.0 188
218.4521 1900.0 188
219.0894 1929.0 188
219.6057 1958.0 188
220.2484 1983.0 188
220.8856 2008.0 188
221.5283 2078.0 188
223.4344 2203.0 188
224.0771 2224.0 188
224.7144 2272.0 188
225.2307 2307.0 188
225.8734 2356.0 188
226.5106 2395.0 188
227.1533 2442.0 188
227.7795 2479.0 188
228.4167 2512.0 188
229.0594 2566.0 188
229.7021 2635.0 188
230.3394 2684.0 188
231.6083 2796.0 188
232.2455 2848.0 188
232.8882 2871.0 188
233.5309 2920.0 188
234.1516 2928.0 188
234.7943 2916.0 188
235.3107 2893.0 188
235.9479 2887.0 188
236.5906 2873.0 188
237.3541 2857.0 188
237.9803 2839.0 188
238.6230 2835.0 188
239.2603 2826.0 188
239.7766 2809.0 188
240.5457 2798.0 188
241.1719 2804.0 188
241.8091 2783.0 188
242.4518 2772.0 188
243.0890 2760.0 188
243.7317 2747.0 188
244.3579 2738.0 188
244.9951 2722.0 188
245.6378 2727.0 188
246.2805 2714.0 188
246.9177 2708.0 188
247.5604 2702.0 188
248.1866 2694.0 188
248.8239 2692.0 188
249.4501 2693.0 188
250.0928 2687.0 188
250.7300 2679.0 188
251.3562 2674.0 188
251.9989 2680.0 188
252.6361 2675.0 188
253.2623 2668.0 188
253.9050 2664.0 188
254.5422 2662.0 188
255.1685 2666.0 188
255.8112 2650.0 188
256.4484 2652.0 188
257.0746 2648.0 188
257.7173 2646.0 188
258.3545 2649.0 188
258.9807 2650.0 188
259.6234 2654.0 188
260.2606 2642.0 188
260.8868 2664.0 188
261.5295 2670.0 188
262.1667 2666.0 188
262.7930 2678.0 188
263.4357 2679.0 188
264.0729 2686.0 188
264.6991 2684.0 188
265.3418 2687.0 188
265.9790 2694.0 188
266.6052 2703.0 188
267.2479 2696.0 188
267.8906 2703.0 188
268.5114 2703.0 188
269.1376 2713.0 188
269.7803 2711.0 188
270.4010 2717.0 188
271.0437 2730.0 188
272.5598 6481.0 188
273.1860 6408.0 188
273.8232 6370.0 188
274.4495 6400.0 188
275.7184 6374.0 188
276.3391 6363.0 188
276.9818 6363.0 188
277.6080 6393.0 188
278.2343 6374.0 188
278.8715 6446.0 188
279.4977 6423.0 188
280.1404 6485.0 188
280.7611 6516.0 188
281.3873 6536.0 188
282.0300 6431.0 188
282.6563 6616.0 188
283.2935 6673.0 188
283.9197 6698.0 188
284.5459 6756.0 188
285.1831 6916.0 188
285.8093 6943.0 188
286.4520 6952.0 188
287.0728 6974.0 188
287.7155 7001.0 188
288.3417 7029.0 188
288.9844 7061.0 188
289.6051 7033.0 188
290.2478 7117.0 188
290.8740 7192.0 188
291.5112 7226.0 188
292.1375 7289.0 188
292.7802 7344.0 188
293.4009 7369.0 188
294.0436 7430.0 188
294.6698 7570.0 188
295.3125 7581.0 188
295.9332 7602.0 188
296.5759 7678.0 188
297.2021 7716.0 188
297.8394 7778.0 188
298.4821 7868.0 188
299.1083 7932.0 188
301.6406 8401.0 188
302.2778 8434.0 188
302.9041 8507.0 188
303.5468 8622.0 188
304.2938 4503.0 188
304.9365 4488.0 188
305.5573 4467.0 188
306.3263 3593.0 188
306.9525 3539.0 188
307.5897 3495.0 188
308.2324 3468.0 188
309.4958 3355.0 188
310.1221 3328.0 188
310.7648 3329.0 188
311.3855 3308.0 188
312.0282 3285.0 188
312.6544 3254.0 188
313.2916 3229.0 188
313.9178 3210.0 188
314.5605 3179.0 188
315.1868 3165.0 188
315.8240 3149.0 188
316.4502 3117.0 188
317.0929 3097.0 188
317.7136 3082.0 188
318.3563 3064.0 188
318.9990 3046.0 188
319.6198 3022.0 188
320.2625 3005.0 188
320.8887 2986.0 188
321.5259 2981.0 188
322.1521 2965.0 188
322.9211 2946.0 188
323.4210 2930.0 188
324.0582 2913.0 188
324.6844 2894.0 188
325.3271 2893.0 188
326.0742 2879.0 188
326.7169 2861.0 188
327.2168 2852.0 188
327.9803 2839.0 188
328.6230 2828.0 188
329.2493 2812.0 188
329.7656 2810.0 188
330.5127 2798.0 188
331.1554 2788.0 188
331.7761 2778.0 188
332.4188 2767.0 188
333.0450 2755.0 188
333.6823 2819.0 188
334.1821 2931.0 188
334.8248 3042.0 188
335.4510 3217.0 188
336.0938 3304.0 188
336.7145 3336.0 188
337.3572 3338.0 188
337.9834 3325.0 188
338.6206 3315.0 188
339.2633 3311.0 188
339.8895 3299.0 188
340.5267 3305.0 188
341.1530 3291.0 188
341.7957 3296.0 188
342.4219 3291.0 188
343.0591 3284.0 188
343.6853 3286.0 188
344.3280 3279.0 188
344.9487 3272.0 188
345.5914 3276.0 188
346.2177 3273.0 188
357.0117 153.0 188
