#RPLIDAR SCAN DATA
#COUNT=447
#Angule	Distance	Quality
356.4844 1179.0 188
357.1216 1161.0 188
357.7478 1151.0 188
358.2642 1135.0 188
359.0112 1120.0 188
359.6539 1105.0 188
0.2802 1081.0 188
1.0437 1058.0 188
8.8879 1288.0 188
9.5306 1291.0 188
10.1514 1297.0 188
10.7941 1309.0 188
11.4203 1331.0 188
12.0575 1351.0 188
12.6837 1373.0 188
13.3264 1396.0 188
13.9526 1418.0 188
14.5898 1444.0 188
15.0897 1466.0 188
15.7324 1491.0 188
16.3696 1519.0 188
16.9958 1551.0 188
17.6385 1583.0 188
18.2648 1615.0 188
18.7811 1647.0 188
19.5282 1678.0 188
21.3080 1790.0 188
21.9342 1799.0 188
22.5769 1789.0 188
23.2031 1786.0 188
23.8403 1771.0 188
24.4666 1764.0 188
25.1093 1759.0 188
25.7465 1751.0 188
26.3727 1781.0 188
27.0154 1832.0 188
27.6526 1879.0 188
28.2953 1942.0 188
28.8116 2010.0 188
29.4324 2086.0 188
30.0751 2144.0 188
31.2341 2855.0 188
31.7450 2951.0 188
32.3712 3080.0 188
33.0139 3230.0 188
33.6511 3360.0 188
34.2938 3502.0 188
36.0736 4051.0 188
36.7163 4062.0 188
37.3590 4065.0 188
37.9962 4081.0 188
38.6389 4065.0 188
39.2651 4048.0 188
39.9023 4059.0 188
40.5450 4045.0 188
41.1823 4039.0 188
41.8250 4013.0 188
42.4512 4214.0 188
43.0884 4708.0 188
43.7311 5649.0 188
64.2316 5669.0 188
64.8743 5675.0 188
65.3906 5816.0 188
66.0278 6036.0 188
66.6541 6520.0 188
68.0603 4526.0 188
68.7030 4423.0 188
69.3402 4301.0 188
69.9829 4202.0 188
70.6091 4087.0 188
74.5587 3496.0 188
75.2014 3432.0 188
75.8386 3384.0 188
76.4813 3322.0 188
77.1240 3247.0 188
80.9528 2937.0 188
81.7163 2902.0 188
82.3590 2846.0 188
82.9797 2788.0 188
83.6224 2753.0 188
86.5118 503.0 188
87.4017 485.0 188
88.2916 469.0 188
88.8080 451.0 188
89.5770 440.0 188
90.1978 427.0 188
91.0931 412.0 188
91.9830 402.0 188
92.3730 390.0 188
93.4991 377.0 188
94.2627 366.0 188
94.9054 356.0 188
95.4218 350.0 188
96.0425 345.0 188
97.0587 339.0 188
97.4487 336.0 188
98.5913 335.0 188
99.0912 333.0 188
99.8547 332.0 188
100.1239 333.0 188
100.8875 334.0 188
101.6400 335.0 188
102.4036 337.0 188
102.5464 340.0 188
103.4363 346.0 188
103.9362 353.0 188
104.5734 358.0 188
104.8425 362.0 188
105.6061 364.0 188
106.3586 366.0 188
106.9958 366.0 188
107.7649 365.0 188
108.2813 364.0 188
108.9020 364.0 188
109.7919 362.0 188
109.9347 362.0 188
110.9509 361.0 188
111.1981 359.0 188
112.2144 357.0 188
112.7307 355.0 188
113.2471 352.0 188
113.9996 348.0 188
114.6368 346.0 188
115.5267 344.0 188
116.2958 342.0 188
116.9330 341.0 188
117.5592 340.0 188
120.3278 208.0 188
121.2177 205.0 188
122.7338 202.0 188
123.3545 199.0 188
123.9972 193.0 188
124.6399 189.0 188
125.2771 185.0 188
125.9198 182.0 188
126.5460 179.0 188
127.1832 176.0 188
127.8259 173.0 188
128.7158 170.0 188
129.3420 167.0 188
129.9792 164.0 188
130.6219 162.0 188
131.2646 161.0 188
131.9019 160.0 188
132.5281 159.0 188
133.1708 158.0 188
133.8080 158.0 188
134.4507 157.0 188
135.0934 157.0 188
135.7141 156.0 188
136.3568 156.0 188
136.9995 155.0 188
137.6367 154.0 188
138.2794 154.0 188
138.9056 154.0 188
139.5428 153.0 188
140.1855 153.0 188
140.8228 153.0 188
141.4655 153.0 188
142.0917 152.0 188
142.7344 150.0 188
143.3716 150.0 188
144.0143 150.0 188
144.6515 150.0 188
145.2942 150.0 188
145.9204 150.0 188
146.5576 150.0 188
147.2003 150.0 188
147.8430 151.0 188
148.4802 151.0 188
149.1064 151.0 188
149.7491 152.0 188
150.3864 154.0 188
151.0291 157.0 188
153.5779 162.0 188
154.2151 161.0 188
154.8578 161.0 188
155.4950 161.0 188
156.1212 162.0 188
156.7639 163.0 188
157.3901 164.0 188
158.0273 166.0 188
158.6700 168.0 188
160.9497 188.0 188
161.5924 189.0 188
162.2296 191.0 188
162.8558 193.0 188
163.4985 194.0 188
164.1357 197.0 188
157.7637 1815.0 188
158.4009 1809.0 188
159.0436 1787.0 188
159.6698 1777.0 188
160.3125 1745.0 188
168.4479 2037.0 188
169.0741 2027.0 188
169.7168 2038.0 188
170.3540 2046.0 188
170.9967 2056.0 188
171.6229 2084.0 188
172.2656 2090.0 188
172.9028 2113.0 188
173.5455 2123.0 188
174.1827 2144.0 188
174.8090 2159.0 188
175.4517 2181.0 188
176.0889 2200.0 188
176.7316 2219.0 188
177.3578 2238.0 188
177.9950 2254.0 188
178.6377 2281.0 188
179.1541 2300.0 188
179.7968 2321.0 188
180.4175 2353.0 188
181.0602 2379.0 188
181.7029 2400.0 188
182.3401 2424.0 188
182.9663 2455.0 188
183.6090 2478.0 188
184.2462 2515.0 188
184.8889 2521.0 188
185.5261 2547.0 188
186.1523 2555.0 188
186.7950 2579.0 188
187.4323 2538.0 188
188.0750 2522.0 188
188.7177 2500.0 188
189.3384 2478.0 188
189.9811 2461.0 188
190.6238 2444.0 188
191.2500 2419.0 188
192.0135 2396.0 188
192.5299 2377.0 188
193.1561 2368.0 188
193.7933 2355.0 188
194.5624 2338.0 188
205.4993 191.0 188
206.1365 191.0 188
202.1869 2163.0 188
202.8241 2155.0 188
203.4503 2139.0 188
204.0930 2134.0 188
204.7302 2126.0 188
205.3564 2096.0 188
205.9991 2057.0 188
212.3877 2086.0 188
213.0304 2048.0 188
213.6676 2024.0 188
214.3103 2027.0 188
214.9530 2016.0 188
215.5902 2006.0 188
216.2329 2003.0 188
216.8701 2006.0 188
217.5128 2003.0 188
218.1555 2004.0 188
218.7927 2002.0 188
219.4354 1988.0 188
220.0781 2005.0 188
220.7153 2005.0 188
221.3580 2004.0 188
221.9952 1992.0 188
222.6379 1988.0 188
223.2806 1988.0 188
223.9178 1990.0 188
224.5605 1987.0 188
225.1978 1987.0 188
225.8405 1986.0 188
226.4832 1989.0 188
227.1204 1988.0 188
227.7631 1986.0 188
228.4058 1985.0 188
229.0430 1989.0 188
229.7021 1989.0 188
230.3229 1989.0 188
230.9656 1987.0 188
231.6083 1991.0 188
232.6355 3309.0 188
233.2782 3292.0 188
233.9209 3303.0 188
234.5581 3319.0 188
235.2008 3321.0 188
235.8435 3327.0 188
236.9971 5553.0 188
237.6398 5539.0 188
238.2770 5547.0 188
238.9197 5596.0 188
239.5624 5570.0 188
240.1831 5599.0 188
240.8258 5613.0 188
241.4685 5387.0 188
242.1057 5544.0 188
242.7484 5582.0 188
243.3856 5593.0 188
244.0283 5611.0 188
244.6710 5628.0 188
245.3082 5669.0 188
245.9509 5687.0 188
246.5936 5693.0 188
247.2308 5735.0 188
247.8735 5763.0 188
248.5107 5766.0 188
249.1534 5669.0 188
249.6698 5888.0 188
250.4169 5937.0 188
250.9332 5956.0 188
251.5759 5979.0 188
252.2021 6003.0 188
252.8394 6060.0 188
253.4821 6056.0 188
254.1083 6087.0 188
254.7455 6111.0 188
255.3882 6115.0 188
256.0144 6156.0 188
256.6516 6188.0 188
257.2943 6329.0 188
257.9205 6292.0 188
258.5577 6348.0 188
259.2004 6378.0 188
259.8431 6385.0 188
260.4639 6450.0 188
261.1066 6508.0 188
261.7493 6548.0 188
262.3700 6612.0 188
263.0127 6665.0 188
265.5615 6974.0 188
266.1823 7010.0 188
266.8250 7070.0 188
267.4677 7065.0 188
268.0884 7145.0 188
268.7311 7246.0 188
269.3738 7275.0 188
270.0110 7324.0 188
270.6372 7409.0 188
272.1533 3108.0 188
272.7960 3088.0 188
273.4167 3068.0 188
274.0594 3015.0 188
274.6857 2988.0 188
275.3229 2976.0 188
275.9656 2961.0 188
276.5918 2959.0 188
277.2290 2944.0 188
277.8552 2934.0 188
278.4979 3026.0 188
279.2450 2830.0 188
279.8877 2801.0 188
280.5304 2777.0 188
281.1511 2744.0 188
281.7938 2731.0 188
282.4200 2722.0 188
283.0573 2688.0 188
283.6835 2665.0 188
284.9524 2610.0 188
285.5896 2601.0 188
286.2323 2586.0 188
286.8585 2574.0 188
287.4957 2551.0 188
288.1219 2541.0 188
288.7646 2514.0 188
289.3854 2510.0 188
290.0281 2495.0 188
290.6708 2481.0 188
291.2915 2469.0 188
291.9342 2459.0 188
292.5604 2442.0 188
293.2031 2430.0 188
293.8239 2428.0 188
294.4666 2405.0 188
295.1093 2398.0 188
295.7300 2389.0 188
296.3727 2382.0 188
297.1198 2371.0 188
297.6361 2363.0 188
298.2788 2347.0 188
298.9050 2347.0 188
299.6686 2329.0 188
300.1685 2323.0 188
300.8112 2318.0 188
301.5747 2312.0 188
302.2009 2312.0 188
302.8436 2304.0 188
303.4644 2305.0 188
304.1071 2295.0 188
304.6234 2286.0 188
305.3705 2285.0 188
306.0132 2290.0 188
306.5131 2277.0 188
307.2766 2264.0 188
307.9193 2256.0 188
308.5455 2257.0 188
309.1827 2256.0 188
309.6826 2254.0 188
310.4517 2240.0 188
311.0889 2237.0 188
311.7151 2248.0 188
312.3578 2250.0 188
312.9840 2248.0 188
313.4949 2248.0 188
314.2474 2246.0 188
314.8901 2233.0 188
315.5273 2250.0 188
316.1536 2248.0 188
316.6699 2808.0 188
317.2961 2831.0 188
317.9333 2859.0 188
318.5760 2858.0 188
319.2023 2839.0 188
319.8395 2856.0 188
320.4657 2861.0 188
321.1084 2859.0 188
321.6248 2873.0 188
322.3718 2869.0 188
322.8882 2865.0 188
323.5144 2872.0 188
324.1516 2881.0 188
324.7943 2882.0 188
325.5469 2883.0 188
326.0577 2889.0 188
326.8103 2892.0 188
327.3267 2893.0 188
327.9639 2904.0 188
328.5901 2911.0 188
329.3591 2920.0 188
331.1389 2917.0 188
333.1549 2630.0 188
333.7921 2542.0 188
334.4348 2455.0 188
335.0610 2367.0 188
335.8246 2278.0 188
336.4673 2218.0 188
337.0935 2156.0 188
337.7307 2088.0 188
338.3734 2027.0 188
338.9996 1969.0 188
339.6368 1918.0 188
340.4059 1862.0 188
341.0266 1816.0 188
341.6693 1776.0 188
342.3120 1737.0 188
342.9327 1698.0 188
343.5754 1658.0 188
344.3390 1622.0 188
344.9652 1589.0 188
345.6079 1555.0 188
346.2451 1521.0 188
346.8713 1499.0 188
357.1875 152.0 188
