#RPLIDAR SCAN DATA
#COUNT=471
#Angule	Distance	Quality
356.1823 2176.0 188
356.8085 2186.0 188
357.4512 2193.0 188
358.0774 2197.0 188
358.6981 2205.0 188
359.3408 2209.0 188
359.9670 2231.0 188
0.5933 2215.0 188
1.2305 2212.0 188
9.4373 2343.0 188
10.0745 2277.0 188
10.7007 2226.0 188
11.3434 2197.0 188
11.9641 2157.0 188
12.6068 2122.0 188
13.2330 2083.0 188
13.8702 2052.0 188
14.4965 2022.0 188
15.1392 1995.0 188
15.7654 1972.0 188
16.4026 1940.0 188
17.1552 1913.0 188
17.7924 1891.0 188
18.4351 1858.0 188
19.0613 1838.0 188
19.6985 1815.0 188
20.3247 1795.0 188
20.9674 1775.0 188
21.5936 1755.0 188
22.2308 1729.0 188
22.8571 1716.0 188
23.4998 1698.0 188
24.1205 1675.0 188
24.7632 1666.0 188
25.3894 1644.0 188
26.0266 1633.0 188
26.7792 1614.0 188
27.4219 1601.0 188
28.0591 1583.0 188
28.6853 1574.0 188
29.3280 1553.0 188
29.9487 1544.0 188
30.5914 1525.0 188
31.2177 1513.0 188
31.8549 1499.0 188
32.6074 1492.0 188
33.1238 1479.0 188
33.7610 1469.0 188
34.3872 1460.0 188
35.1563 1451.0 188
35.6561 1434.0 188
36.4197 1430.0 188
37.0459 1421.0 188
37.6831 1407.0 188
38.1995 1402.0 188
38.9520 1390.0 188
39.5892 1382.0 188
40.2155 1373.0 188
40.8582 1366.0 188
41.4844 1358.0 188
42.1216 1357.0 188
42.7478 1341.0 188
43.3905 1337.0 188
44.0277 1331.0 188
44.7803 1326.0 188
45.2966 1319.0 188
45.9174 1309.0 188
46.6864 1307.0 188
47.1863 1299.0 188
47.8235 1296.0 188
48.4662 1289.0 188
49.2188 1283.0 188
49.8560 1278.0 188
50.4987 1279.0 188
51.1249 1270.0 188
51.7621 1270.0 188
52.2784 1265.0 188
53.0420 1261.0 188
53.6682 1254.0 188
54.3109 1253.0 188
54.9481 1250.0 188
55.5743 1256.0 188
56.2170 1245.0 188
56.8542 1241.0 188
57.4969 1240.0 188
58.1232 1235.0 188
58.7604 1235.0 188
59.4031 1233.0 188
60.0293 1229.0 188
60.6665 1230.0 188
61.3092 1228.0 188
61.9519 1228.0 188
62.5781 1224.0 188
63.2153 1222.0 188
63.8580 1223.0 188
64.4843 1220.0 188
65.1215 1218.0 188
65.7642 1220.0 188
66.4014 1218.0 188
67.0276 1216.0 188
67.6703 1221.0 188
68.3075 1219.0 188
68.9502 1222.0 188
69.5764 1221.0 188
70.9827 2089.0 188
88.1873 520.0 188
88.9508 496.0 188
89.9506 474.0 188
90.7141 441.0 188
91.4832 416.0 188
92.4829 396.0 188
93.3728 375.0 188
93.9990 364.0 188
95.0153 354.0 188
95.2789 346.0 188
96.2787 340.0 188
97.0422 335.0 188
97.4323 330.0 188
98.3112 328.0 188
98.8275 326.0 188
99.3384 325.0 188
100.3436 325.0 188
100.7336 326.0 188
101.7499 328.0 188
102.1234 332.0 188
102.2607 336.0 188
103.5297 344.0 188
103.5297 349.0 188
104.2932 352.0 188
104.8096 353.0 188
105.3094 354.0 188
105.9521 353.0 188
106.8420 352.0 188
107.7155 350.0 188
108.2318 347.0 188
109.1217 345.0 188
109.2480 343.0 188
110.1379 341.0 188
110.9015 340.0 188
111.2805 340.0 188
111.7969 341.0 188
112.8076 341.0 188
113.3075 342.0 188
114.3237 342.0 188
114.9500 343.0 188
115.3400 343.0 188
115.6091 345.0 188
116.2299 347.0 188
120.6244 196.0 188
121.2616 194.0 188
121.8878 191.0 188
122.5305 186.0 188
123.1677 182.0 188
123.7939 178.0 188
124.4366 175.0 188
125.3265 172.0 188
125.9528 170.0 188
126.5900 167.0 188
127.2327 165.0 188
127.8589 163.0 188
128.4961 161.0 188
129.1388 159.0 188
129.7650 156.0 188
130.4022 155.0 188
131.0449 153.0 188
131.6711 153.0 188
132.3083 152.0 188
132.9510 151.0 188
133.5773 151.0 188
134.2145 151.0 188
134.8572 151.0 188
135.4834 150.0 188
136.1206 150.0 188
136.7633 150.0 188
137.3895 150.0 188
138.0103 149.0 188
138.6530 149.0 188
139.2792 149.0 188
139.9219 149.0 188
140.5426 149.0 188
141.1853 149.0 188
141.8115 149.0 188
142.4323 149.0 188
143.0750 149.0 188
143.7012 148.0 188
144.3384 148.0 188
144.9646 148.0 188
145.6073 148.0 188
146.2335 148.0 188
146.8707 148.0 188
147.4969 148.0 188
148.1232 149.0 188
148.7604 149.0 188
149.3866 151.0 188
150.0293 153.0 188
150.6555 155.0 188
151.9189 159.0 188
152.5452 159.0 188
153.1824 158.0 188
153.8086 158.0 188
154.4513 159.0 188
155.0775 160.0 188
155.7147 161.0 188
156.3409 162.0 188
156.9836 165.0 188
159.2633 182.0 188
159.8895 183.0 188
160.7794 185.0 188
161.1530 186.0 188
161.7957 188.0 188
162.4329 190.0 188
163.0591 192.0 188
157.0770 2502.0 188
157.7142 2463.0 188
158.3405 2393.0 188
167.2174 2548.0 188
167.8546 2532.0 188
168.4808 2526.0 188
169.1235 2525.0 188
169.7607 2557.0 188
170.3870 2554.0 188
171.0297 2563.0 188
171.6559 2566.0 188
172.2931 2572.0 188
172.9193 2579.0 188
173.5620 2598.0 188
174.1827 2594.0 188
174.8254 2610.0 188
175.4681 2618.0 188
176.0889 2629.0 188
176.7316 2628.0 188
177.3578 2648.0 188
177.9950 2652.0 188
178.6212 2670.0 188
179.2639 2681.0 188
179.9011 2680.0 188
180.5273 2695.0 188
181.1700 2716.0 188
181.7963 2724.0 188
182.4335 2739.0 188
183.0597 2769.0 188
183.7024 2774.0 188
184.3231 2782.0 188
184.9658 2798.0 188
185.6085 2812.0 188
186.2292 2837.0 188
186.7456 2849.0 188
187.4982 2878.0 188
188.1354 2876.0 188
188.7616 2878.0 188
189.4043 2875.0 188
190.0415 2818.0 188
190.6677 2777.0 188
191.3104 2730.0 188
191.9366 2688.0 188
192.5739 2646.0 188
193.2166 2604.0 188
193.8428 2562.0 188
194.4800 2535.0 188
204.9060 189.0 188
205.5432 191.0 188
206.1859 191.0 188
202.2308 2152.0 188
202.8735 2132.0 188
203.4998 2107.0 188
204.1370 2082.0 188
204.7797 2062.0 188
205.4059 2024.0 188
206.0431 1972.0 188
212.5305 1893.0 188
213.1512 1858.0 188
213.7939 1836.0 188
214.4366 1826.0 188
215.0574 1815.0 188
215.7001 1799.0 188
216.3428 1790.0 188
216.9635 1778.0 188
217.6062 1765.0 188
218.2489 1754.0 188
218.8696 1748.0 188
219.5123 1730.0 188
220.1550 1723.0 188
220.7922 1715.0 188
221.5448 1696.0 188
222.0612 1693.0 188
222.6984 1684.0 188
223.3246 1680.0 188
223.9673 1660.0 188
224.6045 1658.0 188
225.3571 1652.0 188
225.8734 1668.0 188
226.5106 1699.0 188
227.1368 1755.0 188
227.7795 1797.0 188
228.4167 1850.0 188
229.0430 1904.0 188
229.5593 1980.0 188
230.8392 2084.0 188
231.4655 2144.0 188
232.1082 2223.0 188
235.7941 2885.0 188
236.4203 2885.0 188
236.9366 2880.0 188
237.7002 2879.0 188
238.3264 2869.0 188
238.9636 2861.0 188
239.4800 2862.0 188
240.2325 2855.0 188
240.8698 2845.0 188
241.5125 2842.0 188
242.1387 2838.0 188
242.7759 2838.0 188
246.3409 4986.0 188
246.9836 4999.0 188
247.6044 4999.0 188
248.2471 4990.0 188
248.8898 4944.0 188
249.5105 4951.0 188
250.1532 4999.0 188
250.7959 5004.0 188
251.4166 5018.0 188
252.0593 5018.0 188
252.6855 5011.0 188
253.3228 5018.0 188
253.9655 5030.0 188
255.2344 4997.0 188
255.8716 5004.0 188
256.4978 5009.0 188
257.1405 5004.0 188
257.7612 5025.0 188
258.4039 5027.0 188
259.0466 5030.0 188
259.6674 5051.0 188
260.3101 5065.0 188
260.9528 5072.0 188
261.5735 5108.0 188
262.2162 5093.0 188
262.8424 5115.0 188
264.1223 4960.0 188
264.7485 5171.0 188
265.3857 5236.0 188
266.0284 5241.0 188
266.6547 5264.0 188
267.2919 5287.0 188
267.9181 5321.0 188
268.5608 5332.0 188
269.1980 5332.0 188
269.8242 5387.0 188
270.4669 5374.0 188
271.1041 5417.0 188
271.7303 5425.0 188
272.3730 5455.0 188
272.9993 5483.0 188
273.6365 5522.0 188
274.2792 5553.0 188
274.9054 5579.0 188
275.5426 5628.0 188
276.1853 5666.0 188
276.8115 5678.0 188
277.4487 5678.0 188
278.0750 5714.0 188
278.5913 5778.0 188
279.2340 5822.0 188
279.8547 5863.0 188
280.4974 5950.0 188
281.1401 5963.0 188
281.7609 5983.0 188
282.4036 5993.0 188
283.0298 6063.0 188
283.6670 6101.0 188
284.3097 6174.0 188
284.9359 6252.0 188
286.0730 2336.0 188
286.7157 2290.0 188
287.3419 2260.0 188
287.9791 2232.0 188
288.6053 2204.0 188
289.2480 2172.0 188
289.8853 2144.0 188
290.5115 2103.0 188
291.1542 2071.0 188
291.7969 2050.0 188
292.4176 2043.0 188
293.0438 2040.0 188
293.6865 2044.0 188
294.3073 2049.0 188
294.9500 2029.0 188
295.5762 2016.0 188
296.2134 2111.0 188
296.8396 1919.0 188
297.6086 1900.0 188
298.2294 1882.0 188
298.8721 1861.0 188
299.4983 1852.0 188
300.1355 1832.0 188
300.7617 1819.0 188
301.4044 1797.0 188
302.0306 1776.0 188
302.6514 1768.0 188
303.2941 1748.0 188
303.9203 1737.0 188
304.5575 1725.0 188
305.1837 1714.0 188
305.8264 1702.0 188
306.4526 1686.0 188
307.0898 1673.0 188
307.8424 1664.0 188
308.4796 1651.0 188
308.9795 1644.0 188
309.7485 1629.0 188
310.3748 1621.0 188
311.0120 1617.0 188
311.6382 1606.0 188
312.1545 1600.0 188
312.9016 1590.0 188
313.5443 1581.0 188
314.1705 1574.0 188
314.8077 1570.0 188
315.4340 1552.0 188
316.0767 1558.0 188
316.7029 1544.0 188
317.3401 1530.0 188
317.9828 1526.0 188
318.6090 1523.0 188
319.2462 1520.0 188
319.8724 1516.0 188
320.5151 1511.0 188
321.1359 1503.0 188
321.7786 1501.0 188
322.4213 1494.0 188
323.0420 1491.0 188
323.6847 1484.0 188
324.3109 1482.0 188
325.0745 1474.0 188
325.7007 1475.0 188
326.2170 1471.0 188
326.9641 1465.0 188
327.4805 1461.0 188
328.2495 1461.0 188
328.8702 1461.0 188
329.5129 1454.0 188
330.0128 1454.0 188
330.7764 1451.0 188
331.4026 1450.0 188
332.0453 1450.0 188
332.5616 1442.0 188
333.3087 1443.0 188
333.8251 1440.0 188
334.4513 1438.0 188
335.0885 1444.0 188
335.8411 1440.0 188
336.3574 1440.0 188
336.9836 1441.0 188
337.7472 1434.0 188
338.3734 1435.0 188
338.8898 1437.0 188
339.6368 1440.0 188
340.2795 1441.0 188
340.9058 1443.0 188
341.5430 1438.0 188
342.0428 1446.0 188
342.8119 1444.0 188
343.3118 1449.0 188
344.0753 1452.0 188
344.5752 1452.0 188
345.2179 1451.0 188
345.8386 1452.0 188
346.4813 1457.0 188
347.2339 1474.0 188
357.4017 153.0 188
358.0280 149.0 188
