#RPLIDAR SCAN DATA
#COUNT=430
#Angule	Distance	Quality
356.4349 1618.0 188
357.0776 1608.0 188
357.7148 1605.0 188
358.3411 1600.0 188
358.9838 1586.0 188
359.6210 1583.0 188
0.2637 1572.0 188
0.8899 1545.0 188
9.1681 1571.0 188
9.7943 1552.0 188
10.4370 1529.0 188
11.0577 1525.0 188
11.7004 1526.0 188
12.3267 1528.0 188
12.9639 1515.0 188
13.5901 1515.0 188
14.2328 1520.0 188
14.8590 1513.0 188
15.4962 1517.0 188
16.4960 1058.0 188
17.1387 1055.0 188
17.7649 1058.0 188
18.4021 1056.0 188
19.0283 1055.0 188
19.6710 1060.0 188
20.2917 1062.0 188
20.9344 1064.0 188
21.5607 1068.0 188
22.3242 1068.0 188
22.9504 1071.0 188
23.4668 1073.0 188
24.0930 1074.0 188
24.8566 1075.0 188
25.4828 1081.0 188
25.9991 1082.0 188
26.6199 1085.0 188
27.2626 1084.0 188
27.8888 1087.0 188
28.5260 1093.0 188
29.1522 1091.0 188
29.7949 1095.0 188
30.4321 1101.0 188
31.0748 1098.0 188
31.7175 1101.0 188
32.3547 1106.0 188
32.9974 1106.0 188
33.6401 1111.0 188
34.2773 1120.0 188
34.9200 1121.0 188
35.4364 1127.0 188
36.0736 1127.0 188
36.8427 1133.0 188
37.3590 1142.0 188
38.1226 1147.0 188
38.6389 1151.0 188
39.2761 1159.0 188
39.9188 1165.0 188
41.1987 1170.0 188
41.8414 1179.0 188
43.1213 1192.0 188
45.6866 1210.0 188
46.3239 1219.0 188
46.9666 1233.0 188
47.6093 1246.0 188
50.6689 1283.0 188
56.4203 1382.0 188
57.0575 1396.0 188
57.7002 1402.0 188
58.3429 1421.0 188
58.8593 1427.0 188
65.2478 1602.0 188
65.7642 1621.0 188
71.5155 1846.0 188
76.4978 2099.0 188
83.4027 2660.0 188
85.3088 2877.0 188
85.6989 4251.0 188
86.3416 4395.0 188
86.9843 4488.0 188
90.1208 510.0 188
91.0107 493.0 188
91.7798 481.0 188
92.2797 469.0 188
93.0432 455.0 188
93.6859 445.0 188
94.4495 435.0 188
95.2020 425.0 188
96.0919 405.0 188
96.6083 399.0 188
97.7454 384.0 188
98.4979 361.0 188
99.2615 344.0 188
100.1514 336.0 188
100.5469 331.0 188
101.4203 327.0 188
101.8103 325.0 188
102.8265 324.0 188
103.3429 325.0 188
103.5901 327.0 188
104.8590 329.0 188
105.2490 334.0 188
105.8862 342.0 188
106.1389 347.0 188
106.6553 350.0 188
107.6715 352.0 188
107.9352 352.0 188
108.4351 351.0 188
109.3250 351.0 188
110.3412 348.0 188
111.1047 341.0 188
111.3574 336.0 188
111.8738 333.0 188
112.6373 330.0 188
113.6536 328.0 188
113.7799 326.0 188
115.1697 323.0 188
115.3125 324.0 188
119.3280 203.0 188
119.8279 201.0 188
120.5914 198.0 188
121.2341 195.0 188
121.8713 191.0 188
122.4976 186.0 188
123.1403 184.0 188
123.7775 181.0 188
124.4202 178.0 188
125.0464 175.0 188
125.6836 173.0 188
126.5735 171.0 188
127.2162 169.0 188
127.8424 166.0 188
128.4796 163.0 188
129.1223 161.0 188
129.7650 159.0 188
130.3857 158.0 188
131.0284 157.0 188
131.6711 156.0 188
132.3083 155.0 188
132.9346 154.0 188
133.5773 153.0 188
134.2145 152.0 188
134.8572 151.0 188
135.4834 150.0 188
136.1206 149.0 188
136.7633 148.0 188
137.4060 148.0 188
138.0267 148.0 188
138.6694 148.0 188
139.2957 147.0 188
139.9329 147.0 188
140.5591 147.0 188
141.2018 147.0 188
141.8280 147.0 188
142.4652 147.0 188
143.0914 146.0 188
143.7341 146.0 188
144.3549 146.0 188
144.9976 146.0 188
145.6238 146.0 188
146.2610 147.0 188
146.8872 147.0 188
147.5299 147.0 188
148.1561 147.0 188
148.7933 147.0 188
149.4196 148.0 188
150.0623 148.0 188
152.5891 154.0 188
153.2153 154.0 188
153.8580 154.0 188
154.4843 154.0 188
155.1215 154.0 188
155.7477 153.0 188
156.3904 154.0 188
157.0111 154.0 188
157.6538 155.0 188
158.2965 156.0 188
158.9337 157.0 188
159.5764 159.0 188
160.2136 162.0 188
162.5262 185.0 188
163.1689 188.0 188
163.8116 192.0 188
158.2306 4108.0 188
158.8733 4053.0 188
159.6368 3925.0 188
160.1532 3837.0 188
167.5580 1100.0 188
168.2007 1071.0 188
168.8434 1025.0 188
169.6069 1019.0 188
170.2496 1012.0 188
170.8868 1005.0 188
171.5295 1000.0 188
172.1558 997.0 188
172.7930 989.0 188
173.4192 984.0 188
174.0619 984.0 188
174.8090 976.0 188
175.4517 972.0 188
175.9515 969.0 188
176.7151 966.0 188
177.2314 962.0 188
177.8577 958.0 188
178.6212 953.0 188
179.1211 951.0 188
179.8901 947.0 188
180.5109 946.0 188
181.1536 942.0 188
181.6699 941.0 188
182.4170 936.0 188
183.0597 934.0 188
183.6859 934.0 188
184.3231 927.0 188
184.9493 926.0 188
185.5920 923.0 188
186.2183 924.0 188
186.8555 922.0 188
187.4982 920.0 188
188.1244 917.0 188
188.7616 915.0 188
189.3878 913.0 188
190.1514 914.0 188
190.6512 913.0 188
191.2939 910.0 188
192.0575 910.0 188
192.5574 910.0 188
193.2001 906.0 188
193.8428 907.0 188
194.4800 901.0 188
195.1227 904.0 188
195.7654 917.0 188
205.2136 191.0 188
205.8563 192.0 188
202.7966 909.0 188
203.5602 914.0 188
204.0765 916.0 188
204.7137 916.0 188
205.3564 907.0 188
212.2778 963.0 188
213.0304 945.0 188
213.6676 950.0 188
214.3103 953.0 188
214.9530 956.0 188
215.5902 959.0 188
216.1066 962.0 188
216.7328 969.0 188
217.4963 971.0 188
218.0127 976.0 188
218.6554 979.0 188
219.2926 986.0 188
219.9353 988.0 188
220.5615 993.0 188
221.1987 999.0 188
221.8414 1006.0 188
222.4841 1009.0 188
223.1213 1013.0 188
223.6377 1021.0 188
224.2804 1028.0 188
224.9011 1035.0 188
225.5438 1038.0 188
226.3074 1047.0 188
226.9501 1054.0 188
227.5928 1058.0 188
228.1091 1065.0 188
228.7299 1073.0 188
229.3726 1082.0 188
230.0153 1090.0 188
230.6525 1097.0 188
231.2952 1107.0 188
231.9324 1117.0 188
232.5751 1126.0 188
233.2013 1134.0 188
233.8385 1144.0 188
234.3549 1158.0 188
235.1239 1165.0 188
235.7611 1175.0 188
236.2775 1188.0 188
237.0465 1199.0 188
237.5574 1211.0 188
238.2001 1217.0 188
238.8428 1234.0 188
239.4635 1248.0 188
240.1062 1256.0 188
240.7489 1270.0 188
241.2653 1284.0 188
242.0288 1300.0 188
242.5452 1315.0 188
243.1824 1325.0 188
243.8251 1340.0 188
244.4678 1360.0 188
245.1050 1375.0 188
245.7477 1394.0 188
246.3739 1409.0 188
246.8903 1425.0 188
247.6538 1449.0 188
248.1702 1468.0 188
248.8074 1491.0 188
249.4501 1511.0 188
250.0928 1535.0 188
250.7300 1557.0 188
251.3727 1579.0 188
251.8890 1605.0 188
252.6526 1631.0 188
253.1525 1658.0 188
253.7952 1681.0 188
254.4324 1712.0 188
255.0751 1744.0 188
255.7178 1780.0 188
256.3550 1811.0 188
256.9977 1832.0 188
257.6404 1871.0 188
258.1403 1911.0 188
258.9038 1952.0 188
259.4202 1995.0 188
260.0574 2039.0 188
260.7001 2076.0 188
261.3428 2092.0 188
261.9800 2122.0 188
262.6227 2171.0 188
263.2489 2221.0 188
263.8861 2269.0 188
264.5288 2345.0 188
265.0452 2404.0 188
265.6824 2463.0 188
266.3251 2527.0 188
266.9678 2620.0 188
267.6050 2699.0 188
268.2312 2798.0 188
268.8739 2861.0 188
269.3903 2984.0 188
270.0275 3089.0 188
270.6702 3216.0 188
271.3074 3327.0 188
278.0145 6016.0 188
278.6517 5999.0 188
279.2780 6006.0 188
279.9042 5989.0 188
280.5469 5983.0 188
281.1676 5950.0 188
281.9366 5937.0 188
282.4365 5956.0 188
283.0573 5914.0 188
283.8263 5933.0 188
284.3262 5917.0 188
285.0897 5895.0 188
285.5896 5908.0 188
286.2158 5904.0 188
286.8585 5914.0 188
287.4792 5904.0 188
288.1219 5911.0 188
288.7482 5950.0 188
289.3744 5956.0 188
290.0116 5943.0 188
290.6378 5943.0 188
291.2805 5953.0 188
291.9012 5963.0 188
292.5439 5963.0 188
293.1702 5996.0 188
293.8074 5986.0 188
294.4336 5983.0 188
295.0763 6167.0 188
295.7025 7098.0 188
296.3397 7280.0 188
297.6086 9453.0 188
298.2294 9379.0 188
299.4983 9371.0 188
300.1355 9395.0 188
300.7617 9470.0 188
301.4044 9461.0 188
302.0306 9511.0 188
302.6678 9528.0 188
303.3105 9587.0 188
303.9368 9511.0 188
311.1548 3543.0 188
311.7810 3526.0 188
312.4182 3426.0 188
313.0609 3360.0 188
313.6871 3288.0 188
314.3243 3209.0 188
314.9506 3138.0 188
315.7141 2801.0 188
316.3403 2719.0 188
316.9830 2671.0 188
317.6202 2625.0 188
318.2465 2576.0 188
318.8892 2529.0 188
319.5154 2486.0 188
320.1526 2449.0 188
320.9216 2396.0 188
321.4215 2354.0 188
322.0587 2357.0 188
322.6849 2382.0 188
323.3276 2397.0 188
323.9648 2415.0 188
324.5911 2428.0 188
325.2338 2401.0 188
325.8545 2374.0 188
326.6235 2337.0 188
327.1399 2308.0 188
327.8870 2280.0 188
328.5297 2254.0 188
329.1559 2232.0 188
329.7931 2199.0 188
330.4358 2178.0 188
331.0620 2155.0 188
331.6992 2133.0 188
332.3254 2103.0 188
332.9681 2084.0 188
333.6053 2061.0 188
334.2316 2042.0 188
334.8743 2024.0 188
335.4950 2011.0 188
336.1377 1992.0 188
336.7639 1975.0 188
337.4011 1957.0 188
338.1537 1930.0 188
338.7964 1914.0 188
339.4171 1898.0 188
340.0598 1882.0 188
340.6860 1868.0 188
341.3232 1848.0 188
341.9495 1836.0 188
342.5922 1829.0 188
343.2184 1813.0 188
343.8556 1799.0 188
344.4818 1790.0 188
345.1245 1774.0 188
345.7452 1760.0 188
346.3879 1750.0 188
347.0142 1759.0 188
