#RPLIDAR SCAN DATA
#COUNT=466
#Angule	Distance	Quality
356.1987 1341.0 188
356.8414 1338.0 188
357.4841 1337.0 188
358.1213 1330.0 188
358.7640 1330.0 188
359.4012 1324.0 188
0.0275 1323.0 188
0.6702 1294.0 188
8.9044 1350.0 188
9.5416 1335.0 188
10.1678 1319.0 188
10.8105 1313.0 188
11.4368 1310.0 188
12.0740 1311.0 188
12.8265 1312.0 188
13.3429 1317.0 188
14.0900 1312.0 188
14.6063 1321.0 188
15.2490 1318.0 188
15.8698 1318.0 188
16.5125 1318.0 188
17.1387 1323.0 188
17.7759 1327.0 188
18.4021 1332.0 188
19.0448 1331.0 188
19.6875 1331.0 188
20.3247 1341.0 188
20.9674 1343.0 188
21.6046 1346.0 188
22.2473 1350.0 188
22.8900 1355.0 188
23.5272 1367.0 188
24.1699 1363.0 188
24.8071 1371.0 188
25.4498 1374.0 188
26.0925 1375.0 188
26.7462 1380.0 188
27.3889 1385.0 188
28.0261 1396.0 188
28.6688 1398.0 188
29.3115 1402.0 188
29.9487 1414.0 188
30.4651 1417.0 188
31.2341 1421.0 188
31.8713 1431.0 188
32.5140 1417.0 188
33.1512 1439.0 188
33.6841 1446.0 188
34.3268 1462.0 188
34.9640 1475.0 188
35.6067 1489.0 188
36.2494 1492.0 188
36.8866 1498.0 188
37.5293 1503.0 188
38.1665 1517.0 188
38.8092 1524.0 188
39.4519 1532.0 188
40.1056 1550.0 188
41.7645 2314.0 188
42.2809 2322.0 188
43.0444 2342.0 188
43.5608 2364.0 188
44.1980 2378.0 188
44.9670 2391.0 188
45.4834 2409.0 188
46.1206 2427.0 188
46.7468 2456.0 188
47.3895 2475.0 188
48.0267 2496.0 188
48.6694 2473.0 188
49.3121 2435.0 188
49.9493 2404.0 188
50.7184 2370.0 188
51.3556 2340.0 188
51.9983 2314.0 188
52.6355 2296.0 188
53.2782 2266.0 188
53.9044 2249.0 188
54.5416 2226.0 188
55.1843 2191.0 188
55.8270 2177.0 188
56.4642 2155.0 188
57.1069 2128.0 188
57.7496 2108.0 188
58.3868 2086.0 188
59.0295 2072.0 188
59.6667 2046.0 188
60.3094 2035.0 188
60.9357 2017.0 188
61.5729 2003.0 188
62.2156 1987.0 188
62.8583 1971.0 188
63.4955 1955.0 188
64.2645 1939.0 188
64.9017 1923.0 188
65.4181 1912.0 188
66.1871 1890.0 188
66.8243 1879.0 188
67.4506 1866.0 188
68.0933 1855.0 188
68.7305 1841.0 188
69.3732 1834.0 188
70.0104 1826.0 188
70.6531 1811.0 188
71.2958 1799.0 188
75.1245 1747.0 188
75.7617 1737.0 188
76.4044 1725.0 188
77.0416 1712.0 188
80.8868 1684.0 188
81.6559 1672.0 188
82.2931 1671.0 188
85.4352 436.0 188
85.9515 420.0 188
86.7151 411.0 188
87.3578 405.0 188
88.4949 399.0 188
89.1376 382.0 188
89.6539 373.0 188
90.7965 362.0 188
91.6864 346.0 188
92.0764 336.0 188
92.9663 327.0 188
93.3563 321.0 188
94.1199 317.0 188
95.5151 313.0 188
95.9052 311.0 188
96.2952 309.0 188
97.0587 306.0 188
97.4487 305.0 188
98.2178 304.0 188
99.1077 304.0 188
100.1239 305.0 188
100.2612 307.0 188
100.9039 312.0 188
101.1676 320.0 188
102.1838 326.0 188
102.4530 330.0 188
103.0902 333.0 188
103.7329 334.0 188
104.2493 334.0 188
105.1392 334.0 188
105.8862 332.0 188
106.6553 331.0 188
107.2760 328.0 188
107.4188 326.0 188
108.4351 324.0 188
108.8086 322.0 188
109.8248 320.0 188
110.0885 319.0 188
111.0938 318.0 188
111.8573 318.0 188
111.9946 317.0 188
112.9999 317.0 188
113.7634 316.0 188
113.7799 317.0 188
114.4061 318.0 188
115.0433 319.0 188
116.4331 320.0 188
116.5594 323.0 188
117.4493 325.0 188
117.5922 328.0 188
118.5919 332.0 188
118.6084 335.0 188
119.2456 339.0 188
119.8718 343.0 188
125.1563 171.0 188
125.7770 168.0 188
126.4197 165.0 188
127.0624 162.0 188
127.6831 159.0 188
128.3258 156.0 188
128.9685 154.0 188
129.5892 153.0 188
130.2319 152.0 188
130.8746 152.0 188
131.5118 151.0 188
132.1545 151.0 188
132.7917 151.0 188
133.4344 151.0 188
134.0771 151.0 188
134.7144 151.0 188
135.3571 152.0 188
135.9833 152.0 188
136.6205 152.0 188
143.6517 145.0 188
144.2944 146.0 188
144.9371 146.0 188
145.5743 147.0 188
146.2170 147.0 188
146.8542 147.0 188
147.4969 147.0 188
148.1396 147.0 188
148.7769 147.0 188
149.4196 148.0 188
150.0458 148.0 188
150.6830 150.0 188
153.2318 157.0 188
153.8580 156.0 188
154.4952 155.0 188
155.1379 156.0 188
155.7642 157.0 188
156.4014 158.0 188
157.0441 160.0 188
150.0458 3281.0 188
159.9664 179.0 188
160.6091 181.0 188
161.2463 182.0 188
161.8726 184.0 188
162.5153 185.0 188
163.1525 187.0 188
163.7787 189.0 188
158.3075 3020.0 188
158.9502 2954.0 188
168.6401 2777.0 188
169.2609 2725.0 188
169.9036 2717.0 188
170.5463 2710.0 188
171.1835 2694.0 188
171.8262 2685.0 188
172.4634 2675.0 188
173.0896 2668.0 188
173.7323 2661.0 188
174.3750 2660.0 188
175.0122 2641.0 188
175.6549 2644.0 188
176.2811 2631.0 188
176.9183 2622.0 188
177.5610 2620.0 188
178.1982 2617.0 188
178.8409 2615.0 188
179.4672 2606.0 188
180.1044 2604.0 188
180.7471 2603.0 188
181.3898 2595.0 188
182.0270 2594.0 188
182.6697 2590.0 188
183.2959 2592.0 188
183.9331 2587.0 188
184.5758 2587.0 188
185.2185 2576.0 188
185.8557 2571.0 188
186.4984 2574.0 188
187.1356 2578.0 188
187.7783 2589.0 188
188.4210 2575.0 188
189.0582 2561.0 188
189.7009 2611.0 188
190.3436 2596.0 188
190.9808 2600.0 188
191.6235 2604.0 188
192.2607 2608.0 188
192.9034 2611.0 188
193.5461 2625.0 188
194.1833 2633.0 188
194.8260 2643.0 188
205.2795 191.0 188
205.9167 191.0 188
201.8738 2666.0 188
202.5110 2694.0 188
203.1537 2703.0 188
203.7799 2722.0 188
204.4171 2723.0 188
205.0598 2719.0 188
205.7025 2724.0 188
212.6239 2809.0 188
213.3875 2688.0 188
214.0137 2636.0 188
214.6509 2564.0 188
215.2936 2508.0 188
215.9363 2453.0 188
216.5735 2400.0 188
217.2162 2319.0 188
217.9797 2276.0 188
218.6224 2235.0 188
219.2651 2200.0 188
219.9023 2160.0 188
220.5450 2120.0 188
221.1823 2080.0 188
221.8250 2046.0 188
222.4677 2016.0 188
223.1049 1981.0 188
223.8739 1948.0 188
224.5111 1918.0 188
225.0275 1889.0 188
225.7965 1857.0 188
226.4337 1833.0 188
227.0764 1810.0 188
227.7136 1780.0 188
228.3563 1759.0 188
228.9990 1731.0 188
229.7626 1713.0 188
230.2789 1693.0 188
230.9216 1669.0 188
231.6852 1654.0 188
232.2015 1635.0 188
232.9651 1628.0 188
233.6078 1613.0 188
234.2450 1593.0 188
234.8877 1577.0 188
235.5304 1564.0 188
236.1676 1545.0 188
236.8103 1525.0 188
237.4530 1518.0 188
238.0902 1501.0 188
238.7329 1488.0 188
239.3701 1472.0 188
240.0128 1461.0 188
240.7764 1445.0 188
241.2927 1434.0 188
242.0618 1418.0 188
242.6990 1407.0 188
243.3417 1394.0 188
243.9844 1381.0 188
244.6216 1369.0 188
245.2643 1370.0 188
245.9015 1391.0 188
246.5442 1410.0 188
247.0605 1436.0 188
247.6978 1461.0 188
248.4668 1486.0 188
248.9832 1515.0 188
249.6204 1544.0 188
250.2631 1578.0 188
250.9058 1611.0 188
251.4166 1643.0 188
252.0593 1684.0 188
253.3392 1730.0 188
253.9819 1770.0 188
254.6246 1810.0 188
255.2618 1853.0 188
255.9045 1892.0 188
256.5417 1948.0 188
257.0581 2013.0 188
257.7008 2063.0 188
258.3435 2113.0 188
258.9807 2177.0 188
259.6234 2247.0 188
260.2606 2311.0 188
260.7770 2398.0 188
262.0459 1203.0 188
262.0624 2556.0 188
262.6996 2550.0 188
263.3423 2543.0 188
263.9795 2537.0 188
264.6222 2528.0 188
265.2484 2519.0 188
265.8856 2515.0 188
266.5118 2513.0 188
267.1545 2507.0 188
267.7808 2505.0 188
268.4180 2504.0 188
269.0442 2497.0 188
269.6869 2496.0 188
273.2300 4068.0 188
275.1361 4645.0 188
275.7623 4628.0 188
276.4050 4633.0 188
277.0313 4639.0 188
277.6685 4618.0 188
278.2947 4612.0 188
278.9374 4610.0 188
279.5581 4626.0 188
280.2008 4624.0 188
280.8270 4628.0 188
281.4642 4643.0 188
282.0905 4635.0 188
282.7332 4645.0 188
283.3594 4647.0 188
284.6393 4593.0 188
285.2655 4589.0 188
285.9027 4579.0 188
286.5454 4612.0 188
287.1826 4624.0 188
287.8253 4628.0 188
288.4515 4645.0 188
289.0887 4671.0 188
289.7314 4643.0 188
290.3741 4653.0 188
291.0114 4673.0 188
291.6376 4698.0 188
292.2803 4713.0 188
292.9175 4721.0 188
293.5602 4752.0 188
294.8401 4813.0 188
295.4663 4837.0 188
296.1090 4832.0 188
296.7462 4874.0 188
297.3889 4890.0 188
298.0261 4931.0 188
298.6523 4919.0 188
299.2950 4935.0 188
299.9323 4940.0 188
300.5750 4972.0 188
301.2177 5009.0 188
301.8384 5013.0 188
302.4811 5046.0 188
303.1238 5053.0 188
303.7610 5084.0 188
304.4037 5117.0 188
305.0464 5125.0 188
305.6671 5198.0 188
306.3098 5224.0 188
306.9360 5239.0 188
307.5732 4127.0 188
308.1995 5267.0 188
308.8422 5313.0 188
309.4684 5347.0 188
310.1056 5361.0 188
310.7483 5420.0 188
311.3745 5450.0 188
312.0117 5516.0 188
312.6379 5570.0 188
313.2806 5582.0 188
313.9014 5619.0 188
314.5441 5666.0 188
315.1868 5711.0 188
315.8075 5763.0 188
316.4502 5812.0 188
316.9501 5860.0 188
317.5928 5953.0 188
319.3561 1983.0 188
320.1086 1959.0 188
320.7458 1934.0 188
321.3885 1908.0 188
322.0148 1882.0 188
322.6520 1859.0 188
323.2782 1836.0 188
323.9209 1814.0 188
324.5416 1793.0 188
325.1843 1778.0 188
325.8270 1758.0 188
326.4478 1739.0 188
327.0905 1709.0 188
327.7167 1701.0 188
328.3594 1705.0 188
328.9801 1704.0 188
329.6228 1702.0 188
330.2655 1704.0 188
330.8862 1707.0 188
331.5289 1723.0 188
332.1552 1693.0 188
332.7924 1674.0 188
333.4351 1658.0 188
334.1821 1673.0 188
334.8248 1583.0 188
335.4510 1573.0 188
336.0938 1556.0 188
336.7310 1546.0 188
337.3572 1537.0 188
337.9999 1527.0 188
338.6206 1518.0 188
339.2633 1509.0 188
339.9060 1504.0 188
340.5267 1494.0 188
341.2958 1475.0 188
341.9165 1468.0 188
342.4329 1450.0 188
343.2019 1454.0 188
343.8281 1436.0 188
344.3390 1434.0 188
344.9652 1430.0 188
345.7343 1421.0 188
346.3715 1411.0 188
346.8713 1411.0 188
357.1710 153.0 188
