#RPLIDAR SCAN DATA
#COUNT=487
#Angule	Distance	Quality
356.8744 922.0 188
357.6379 926.0 188
358.1378 925.0 188
358.7805 927.0 188
359.4177 927.0 188
0.1868 918.0 188
0.6866 903.0 188
8.7946 970.0 188
9.4208 959.0 188
10.0580 949.0 188
10.8105 948.0 188
11.4478 952.0 188
12.0740 954.0 188
12.7167 960.0 188
13.3429 959.0 188
13.8593 964.0 188
14.4800 966.0 188
15.2490 971.0 188
15.8698 974.0 188
16.3861 975.0 188
17.0123 980.0 188
17.7759 986.0 188
18.4021 988.0 188
18.9185 989.0 188
19.5447 994.0 188
20.1874 1000.0 188
20.8081 1005.0 188
21.4508 1010.0 188
22.0935 1016.0 188
22.7142 1020.0 188
23.3569 1029.0 188
23.9996 1033.0 188
24.6368 1036.0 188
25.1367 1044.0 188
25.9058 1051.0 188
26.5430 1053.0 188
27.1692 1061.0 188
27.8119 1071.0 188
28.4491 1077.0 188
28.9655 1083.0 188
29.7180 1089.0 188
30.2344 1100.0 188
30.8716 1108.0 188
31.4978 1115.0 188
32.1405 1120.0 188
32.7777 1132.0 188
33.4204 1141.0 188
33.9203 1150.0 188
34.5575 1158.0 188
35.2002 1168.0 188
35.8264 1182.0 188
36.4636 1187.0 188
37.2327 1199.0 188
37.7490 1209.0 188
38.3698 1224.0 188
39.0125 1235.0 188
39.6552 1243.0 188
40.2924 1254.0 188
40.9186 1272.0 188
41.5613 1289.0 188
42.1985 1291.0 188
42.8412 1279.0 188
43.4839 1322.0 188
43.9948 1350.0 188
44.6375 1369.0 188
45.2802 1379.0 188
45.7965 1397.0 188
46.4337 1418.0 188
47.2028 1431.0 188
47.7136 1449.0 188
48.4827 1466.0 188
49.9054 2420.0 188
50.5426 2398.0 188
51.1853 2378.0 188
51.8280 2354.0 188
52.5916 2339.0 188
53.1079 2325.0 188
53.7451 2308.0 188
54.5142 2288.0 188
55.1514 2271.0 188
55.7941 2253.0 188
56.4368 2244.0 188
57.0740 2231.0 188
57.7167 2216.0 188
58.3594 2200.0 188
58.9966 2191.0 188
59.6393 2181.0 188
60.2765 2153.0 188
60.9027 2147.0 188
61.5454 2136.0 188
62.1826 2129.0 188
62.8253 2115.0 188
63.4680 2099.0 188
64.1052 2089.0 188
64.7479 2082.0 188
65.3906 2069.0 188
66.0278 2063.0 188
66.6705 2055.0 188
67.2968 2049.0 188
67.9340 2046.0 188
68.5767 2035.0 188
69.2139 2031.0 188
69.8566 2019.0 188
70.4993 2011.0 188
71.1365 2007.0 188
74.9652 1976.0 188
75.6079 1968.0 188
76.2451 1964.0 188
76.8878 1950.0 188
77.5305 1896.0 188
81.0461 420.0 188
81.9360 410.0 188
82.1997 405.0 188
83.2159 402.0 188
83.4796 398.0 188
84.6057 397.0 188
85.3748 352.0 188
86.2646 338.0 188
87.1545 333.0 188
87.7808 330.0 188
88.4180 327.0 188
89.0607 326.0 188
89.8242 325.0 188
90.1978 323.0 188
90.8405 322.0 188
91.9830 320.0 188
92.2467 319.0 188
93.3728 318.0 188
93.3893 318.0 188
94.0265 319.0 188
95.2954 321.0 188
95.2954 325.0 188
95.8118 328.0 188
96.7017 332.0 188
97.0917 336.0 188
97.9651 338.0 188
98.6078 340.0 188
99.2450 341.0 188
100.0140 341.0 188
100.1404 341.0 188
101.1511 339.0 188
101.4203 339.0 188
102.0575 337.0 188
102.8101 336.0 188
103.4528 334.0 188
103.9636 333.0 188
105.1062 331.0 188
105.8588 331.0 188
105.9961 330.0 188
106.7651 330.0 188
107.2760 331.0 188
108.1714 331.0 188
108.6823 331.0 188
109.1821 332.0 188
109.6985 333.0 188
110.5884 333.0 188
111.4838 333.0 188
111.8738 335.0 188
112.6373 336.0 188
112.8900 340.0 188
113.5272 344.0 188
114.4171 351.0 188
114.4336 368.0 188
115.3235 376.0 188
115.5927 383.0 188
116.1090 387.0 188
117.1088 390.0 188
117.3724 392.0 188
118.0151 394.0 188
118.9050 396.0 188
123.7939 168.0 188
124.4366 164.0 188
125.0574 162.0 188
125.7001 160.0 188
126.3428 158.0 188
126.9800 156.0 188
127.6227 153.0 188
128.2654 152.0 188
128.9026 151.0 188
129.5288 150.0 188
130.1715 150.0 188
130.8087 150.0 188
131.4349 149.0 188
132.0776 149.0 188
132.7148 149.0 188
133.3411 149.0 188
133.9838 149.0 188
134.6210 149.0 188
135.2472 149.0 188
135.8899 149.0 188
136.5271 148.0 188
137.1533 148.0 188
137.7960 147.0 188
138.4332 147.0 188
139.0759 147.0 188
139.7021 147.0 188
140.3394 147.0 188
140.9821 147.0 188
141.6083 147.0 188
142.2455 147.0 188
142.8882 147.0 188
143.5144 147.0 188
144.1516 146.0 188
144.7943 147.0 188
145.4205 146.0 188
146.0577 146.0 188
146.7004 146.0 188
147.3267 146.0 188
147.9639 146.0 188
148.6066 146.0 188
149.2493 147.0 188
149.8700 147.0 188
150.5127 148.0 188
151.1554 150.0 188
153.0780 155.0 188
153.7152 156.0 188
154.3579 155.0 188
154.9951 156.0 188
155.6378 156.0 188
156.2640 156.0 188
156.9012 157.0 188
157.5439 158.0 188
158.1866 159.0 188
158.8239 161.0 188
159.4666 164.0 188
161.7792 187.0 188
162.2955 190.0 188
163.0426 194.0 188
158.8733 3162.0 188
159.5105 3111.0 188
160.1532 2981.0 188
167.1680 3049.0 188
167.8107 3018.0 188
168.4479 3001.0 188
169.0741 2997.0 188
169.7168 2983.0 188
170.3540 2976.0 188
170.9967 2968.0 188
171.7603 2972.0 188
172.2766 2971.0 188
172.9028 2994.0 188
173.5455 2985.0 188
174.1827 2993.0 188
174.8254 3000.0 188
175.4681 2982.0 188
176.0889 2994.0 188
176.7316 2997.0 188
177.3743 3001.0 188
178.0115 2988.0 188
178.6542 3003.0 188
179.2804 3006.0 188
179.9176 2981.0 188
180.5603 3026.0 188
181.2030 2996.0 188
181.8402 3004.0 188
182.4829 3005.0 188
183.1091 3005.0 188
183.7463 3002.0 188
184.3890 3017.0 188
185.0262 3022.0 188
185.6689 3007.0 188
186.2952 3024.0 188
186.9324 3035.0 188
187.5751 3036.0 188
188.2178 3042.0 188
188.8550 3034.0 188
189.4812 3056.0 188
190.1239 3053.0 188
190.7611 3083.0 188
191.4038 3197.0 188
192.0465 3078.0 188
192.6837 3048.0 188
193.3099 2999.0 188
193.9526 2911.0 188
205.1532 190.0 188
205.7959 191.0 188
206.4331 189.0 188
202.5000 1915.0 188
203.2635 1878.0 188
203.8898 1837.0 188
204.5270 1818.0 188
205.1697 1754.0 188
205.8124 1722.0 188
212.3108 1472.0 188
212.9480 1434.0 188
213.7170 1398.0 188
214.3433 1414.0 188
214.9805 1421.0 188
215.6232 1438.0 188
216.2604 1447.0 188
216.9031 1457.0 188
217.4030 1469.0 188
218.0457 1487.0 188
218.6829 1495.0 188
219.3256 1509.0 188
219.9683 1525.0 188
220.5890 1537.0 188
221.2317 1552.0 188
221.8744 1574.0 188
222.5116 1593.0 188
223.1543 1608.0 188
223.7915 1625.0 188
224.4342 1627.0 188
225.0769 1653.0 188
225.5933 1674.0 188
226.3568 1683.0 188
226.9995 1710.0 188
227.5104 1738.0 188
228.1531 1754.0 188
228.7958 1780.0 188
229.4330 1802.0 188
230.0757 1826.0 188
230.7184 1845.0 188
231.3556 1875.0 188
231.9983 1900.0 188
232.6355 1932.0 188
233.2782 1968.0 188
233.7946 2001.0 188
234.4373 2033.0 188
235.0745 2067.0 188
235.7172 2094.0 188
236.3544 2130.0 188
236.9971 2173.0 188
237.6398 2212.0 188
238.2770 2255.0 188
238.7933 2293.0 188
240.0732 2399.0 188
240.7159 2394.0 188
241.3586 2389.0 188
241.9958 2380.0 188
242.7649 2371.0 188
243.4021 2360.0 188
244.0613 2342.0 188
244.5612 2325.0 188
245.3247 2317.0 188
245.8411 2309.0 188
246.4838 2301.0 188
247.2473 2295.0 188
247.8900 2288.0 188
248.5107 2259.0 188
249.0271 2320.0 188
249.6698 2393.0 188
250.3125 2460.0 188
250.9497 2540.0 188
251.5924 2636.0 188
252.2186 2744.0 188
256.4374 3793.0 188
258.3545 4379.0 188
258.9972 4359.0 188
259.6399 4355.0 188
260.2606 4345.0 188
260.9033 4339.0 188
261.5460 4341.0 188
262.1832 4341.0 188
262.8259 4338.0 188
263.4686 4324.0 188
264.1058 4331.0 188
264.7321 4327.0 188
265.3748 4329.0 188
265.9955 4359.0 188
266.6382 4283.0 188
267.2809 4320.0 188
267.9016 4311.0 188
268.5443 4311.0 188
269.1870 4244.0 188
269.8077 4236.0 188
270.4504 4242.0 188
271.0931 4253.0 188
271.7139 4261.0 188
272.3566 4268.0 188
272.9993 4277.0 188
273.6200 4247.0 188
274.2627 4273.0 188
274.9054 4261.0 188
275.5261 4278.0 188
276.1688 4292.0 188
276.8115 4299.0 188
277.4323 4313.0 188
278.0750 4303.0 188
278.7177 4320.0 188
279.3384 4401.0 188
279.9811 4141.0 188
280.6238 4377.0 188
281.2500 4410.0 188
281.8872 4434.0 188
282.5299 4441.0 188
283.1561 4456.0 188
283.7933 4462.0 188
284.4360 4463.0 188
285.0623 4480.0 188
285.6995 4516.0 188
286.3257 4520.0 188
286.9684 4551.0 188
287.5891 4575.0 188
288.2318 4575.0 188
288.8745 4616.0 188
289.4952 4635.0 188
290.1379 4659.0 188
290.7642 4661.0 188
291.4014 4698.0 188
292.0441 4717.0 188
292.6703 4742.0 188
293.3075 4772.0 188
293.9337 4780.0 188
294.5764 4802.0 188
295.2136 4802.0 188
295.8398 4865.0 188
296.4825 4912.0 188
297.1088 4910.0 188
297.7460 4949.0 188
298.3887 4981.0 188
299.0149 4988.0 188
299.6521 5053.0 188
300.2783 5070.0 188
300.9210 5115.0 188
301.5582 5127.0 188
302.1844 5198.0 188
302.8271 5226.0 188
303.4479 5282.0 188
304.0906 5287.0 188
306.1066 1480.0 188
306.6229 1463.0 188
307.3865 1443.0 188
308.0292 1418.0 188
308.6719 1395.0 188
309.2926 1373.0 188
309.9353 1359.0 188
310.5780 1338.0 188
311.2152 1320.0 188
311.8579 1300.0 188
312.6050 1291.0 188
313.2477 1270.0 188
313.8904 1253.0 188
314.5276 1247.0 188
315.1703 1232.0 188
315.8075 1220.0 188
316.4337 1205.0 188
317.0764 1191.0 188
317.8400 1192.0 188
318.3563 1200.0 188
319.1199 1199.0 188
319.6198 1199.0 188
320.2625 1198.0 188
320.9052 1206.0 188
321.5424 1213.0 188
322.1851 1222.0 188
322.8113 1208.0 188
323.5748 1185.0 188
324.0912 1173.0 188
324.8547 1158.0 188
325.3711 1163.0 188
326.1401 1175.0 188
326.7609 1095.0 188
327.4036 1083.0 188
328.0463 1078.0 188
328.6835 1072.0 188
329.3097 1066.0 188
330.0732 1058.0 188
330.7159 1054.0 188
331.3586 1047.0 188
331.9958 1040.0 188
332.6221 1034.0 188
333.1384 1028.0 188
333.9020 1025.0 188
334.5447 1017.0 188
335.1709 1016.0 188
335.8081 1010.0 188
336.4508 1006.0 188
337.0935 991.0 188
337.7307 986.0 188
338.3569 982.0 188
339.1205 975.0 188
339.6368 973.0 188
340.4059 973.0 188
341.0266 969.0 188
341.5430 967.0 188
342.1857 961.0 188
342.8229 958.0 188
343.5919 953.0 188
344.0918 953.0 188
344.8553 949.0 188
345.4980 947.0 188
346.1353 946.0 188
346.7780 945.0 188
347.4042 941.0 188
348.0469 958.0 188
357.0776 145.0 188
