#RPLIDAR SCAN DATA
#COUNT=460
#Angule	Distance	Quality
356.7645 890.0 188
357.4017 893.0 188
357.9016 888.0 188
358.5443 887.0 188
359.1870 883.0 188
359.9341 872.0 188
0.7031 859.0 188
8.7012 878.0 188
9.4647 867.0 188
9.9811 858.0 188
10.7336 855.0 188
11.3708 857.0 188
12.0135 857.0 188
12.5134 862.0 188
13.2770 871.0 188
13.9197 889.0 188
14.5459 892.0 188
15.1831 900.0 188
15.6995 906.0 188
16.3257 911.0 188
16.9684 914.0 188
17.6056 916.0 188
18.3582 918.0 188
18.8745 922.0 188
19.5117 925.0 188
20.0116 930.0 188
20.7806 932.0 188
21.2915 935.0 188
22.0441 941.0 188
22.6868 946.0 188
23.3240 952.0 188
23.9502 959.0 188
24.5929 978.0 188
25.1093 1004.0 188
25.7465 1015.0 188
26.3892 1020.0 188
27.0264 1027.0 188
27.6691 1030.0 188
28.1854 1035.0 188
29.9652 1203.0 188
30.7343 1178.0 188
31.2451 1154.0 188
32.0142 1129.0 188
32.6514 1107.0 188
33.2941 1091.0 188
34.0466 1068.0 188
34.6838 1057.0 188
35.2002 1061.0 188
35.9637 1068.0 188
36.4801 1078.0 188
37.2491 1088.0 188
37.7655 1094.0 188
38.4027 1104.0 188
39.0289 1114.0 188
39.6716 1119.0 188
40.3088 1132.0 188
40.8252 1141.0 188
41.4679 1152.0 188
42.2314 1164.0 188
42.8741 1173.0 188
43.3905 1169.0 188
44.0112 1186.0 188
44.6539 1190.0 188
45.2966 1212.0 188
45.9338 1225.0 188
46.5601 1238.0 188
47.2028 1251.0 188
47.8400 1263.0 188
48.4827 1278.0 188
48.9990 1295.0 188
49.6198 1313.0 188
50.2625 1329.0 188
50.9052 1344.0 188
51.5424 1362.0 188
52.1686 1377.0 188
52.8113 1398.0 188
53.4485 1419.0 188
54.0912 1437.0 188
54.6075 1459.0 188
55.3546 1476.0 188
55.8710 1500.0 188
56.5137 1525.0 188
57.1509 1551.0 188
57.7771 1575.0 188
58.2935 1605.0 188
59.0625 1623.0 188
59.6997 1654.0 188
60.3424 1683.0 188
60.8423 1714.0 188
61.4795 1746.0 188
62.1222 1781.0 188
62.7649 1808.0 188
63.4021 1843.0 188
64.0283 1877.0 188
64.5447 1921.0 188
65.1874 1966.0 188
65.8246 2015.0 188
66.4673 2062.0 188
67.1045 2103.0 188
67.7472 2156.0 188
68.3899 2205.0 188
69.0271 2278.0 188
69.5435 2348.0 188
70.1862 2405.0 188
70.7025 3233.0 188
74.5313 3160.0 188
75.1685 3144.0 188
75.8112 3142.0 188
76.4484 3129.0 188
77.0911 3107.0 188
81.2329 384.0 188
81.7493 379.0 188
82.7655 373.0 188
84.0289 323.0 188
84.5453 319.0 188
85.0616 317.0 188
86.0779 316.0 188
86.5887 316.0 188
86.8579 318.0 188
87.4951 320.0 188
88.4949 322.0 188
88.6377 324.0 188
89.5276 324.0 188
90.2966 324.0 188
91.0602 322.0 188
91.4502 319.0 188
92.3401 316.0 188
92.8564 315.0 188
93.8727 314.0 188
94.0155 314.0 188
94.8889 315.0 188
95.1526 316.0 188
96.4215 318.0 188
96.6852 320.0 188
97.0752 321.0 188
97.9651 322.0 188
98.4814 323.0 188
99.4977 323.0 188
99.5142 323.0 188
100.5304 323.0 188
101.0468 321.0 188
101.9202 320.0 188
102.1838 320.0 188
103.0737 319.0 188
103.4637 319.0 188
104.3591 318.0 188
105.1227 317.0 188
105.3864 317.0 188
106.6553 316.0 188
106.7926 316.0 188
107.9352 316.0 188
107.9517 315.0 188
108.5779 315.0 188
109.8413 315.0 188
110.2148 314.0 188
110.4840 314.0 188
111.4838 314.0 188
111.8738 313.0 188
112.7637 314.0 188
113.1372 315.0 188
114.1534 317.0 188
114.7797 321.0 188
115.9332 355.0 188
116.7023 358.0 188
117.3230 360.0 188
117.7185 362.0 188
118.4821 364.0 188
119.1083 365.0 188
119.3719 367.0 188
120.2454 368.0 188
121.0144 370.0 188
121.4044 371.0 188
121.9043 373.0 188
122.4207 376.0 188
123.1677 378.0 188
123.9368 384.0 188
124.4531 396.0 188
124.9530 405.0 188
125.3430 411.0 188
125.8429 415.0 188
126.6064 417.0 188
131.8744 158.0 188
132.4951 158.0 188
133.1378 158.0 188
133.7805 159.0 188
134.4177 159.0 188
135.0439 160.0 188
135.6866 161.0 188
136.3239 163.0 188
136.9666 164.0 188
137.6093 166.0 188
138.2300 169.0 188
140.5261 186.0 188
141.4215 171.0 188
142.0587 170.0 188
142.7014 170.0 188
143.3386 171.0 188
143.9648 171.0 188
144.6075 172.0 188
144.9976 173.0 188
145.6403 174.0 188
146.2610 176.0 188
157.7307 185.0 188
158.3734 184.0 188
158.9996 184.0 188
159.6368 184.0 188
160.2795 184.0 188
160.9167 186.0 188
161.5430 187.0 188
162.1857 188.0 188
162.8229 190.0 188
163.4491 192.0 188
164.0918 195.0 188
164.7290 200.0 188
157.9999 3324.0 188
158.6206 3311.0 188
159.2633 3282.0 188
159.9060 3273.0 188
160.5267 3263.0 188
161.1694 3237.0 188
161.8121 3212.0 188
167.6514 1247.0 188
168.2941 1235.0 188
168.9368 1219.0 188
169.5740 1210.0 188
170.2167 1212.0 188
170.8594 1206.0 188
171.4966 1200.0 188
172.1393 1203.0 188
172.7655 1202.0 188
173.4027 1200.0 188
174.0454 1197.0 188
174.6826 1195.0 188
175.3253 1192.0 188
175.9680 1194.0 188
176.6052 1192.0 188
177.2479 1192.0 188
177.8906 1189.0 188
178.5278 1184.0 188
179.1705 1184.0 188
179.7968 1188.0 188
180.4340 1183.0 188
181.2030 1182.0 188
181.7139 1183.0 188
182.3566 1184.0 188
182.9993 1186.0 188
183.6365 1175.0 188
184.2792 1176.0 188
185.0427 1175.0 188
185.5591 1205.0 188
186.2018 1179.0 188
186.8280 1180.0 188
187.4652 1184.0 188
188.2343 1185.0 188
188.7451 1185.0 188
189.3878 1187.0 188
190.0305 1194.0 188
190.6512 1191.0 188
191.2939 1196.0 188
191.9366 1198.0 188
192.5739 1198.0 188
193.2166 1200.0 188
193.8593 1204.0 188
194.4800 1210.0 188
195.1227 1214.0 188
204.9500 191.0 188
205.5762 191.0 188
206.2134 189.0 188
202.7802 1260.0 188
203.4174 1270.0 188
204.0601 1273.0 188
204.5764 1280.0 188
205.3400 1278.0 188
205.8563 1266.0 188
212.1075 1416.0 188
212.8711 1401.0 188
213.5138 1396.0 188
214.1510 1402.0 188
214.6674 1416.0 188
215.4364 1422.0 188
215.9528 1437.0 188
216.7163 1446.0 188
217.3425 1460.0 188
217.9797 1467.0 188
218.4961 1475.0 188
219.1388 1491.0 188
219.7760 1501.0 188
221.6986 1555.0 188
223.6047 1501.0 188
224.3738 1486.0 188
224.8901 1466.0 188
225.6537 1448.0 188
226.2964 1435.0 188
226.9336 1418.0 188
227.5598 1401.0 188
228.2025 1390.0 188
228.8397 1371.0 188
229.4824 1358.0 188
230.1196 1343.0 188
230.8887 1331.0 188
231.5149 1320.0 188
232.0313 1306.0 188
232.6685 1296.0 188
233.4375 1313.0 188
233.9484 1329.0 188
234.5911 1348.0 188
235.2173 1373.0 188
235.8545 1395.0 188
236.3708 1412.0 188
237.0135 1434.0 188
237.6563 1458.0 188
238.2935 1477.0 188
238.9362 1507.0 188
239.5624 1527.0 188
240.1996 1555.0 188
240.8423 1587.0 188
241.4795 1614.0 188
241.9958 1645.0 188
242.6385 1679.0 188
243.2648 1708.0 188
243.9020 1744.0 188
245.0610 1907.0 188
245.6982 1919.0 188
246.3409 1911.0 188
246.9836 2061.0 188
247.6044 2108.0 188
248.2471 2161.0 188
248.8898 2210.0 188
249.4061 2272.0 188
250.0433 2324.0 188
250.6696 2400.0 188
251.3123 2460.0 188
251.9495 2523.0 188
252.5922 2624.0 188
254.4983 2734.0 188
255.1355 2821.0 188
255.7782 2920.0 188
256.2946 3048.0 188
256.9373 3170.0 188
257.5580 3277.0 188
258.2007 3267.0 188
258.8434 3268.0 188
259.4806 3256.0 188
260.1233 3239.0 188
260.7495 3240.0 188
261.3867 3243.0 188
262.0294 3227.0 188
262.6666 3236.0 188
263.3093 3228.0 188
263.9355 3224.0 188
264.5728 3214.0 188
265.2155 3194.0 188
265.8582 3203.0 188
266.4954 3200.0 188
267.1381 3189.0 188
267.7643 3188.0 188
268.4015 3181.0 188
269.0277 3192.0 188
269.6704 3193.0 188
270.2966 3181.0 188
270.9338 3191.0 188
271.7029 2943.0 188
272.2028 3095.0 188
272.8400 3104.0 188
273.4662 3103.0 188
274.1089 3107.0 188
274.7461 3121.0 188
275.3723 3116.0 188
276.0150 3113.0 188
276.6357 3118.0 188
277.2784 3119.0 188
277.9211 3124.0 188
278.5419 3136.0 188
279.1846 3129.0 188
279.8108 3142.0 188
280.4480 3152.0 188
281.0907 3157.0 188
281.7169 3165.0 188
282.3541 3172.0 188
282.9803 3182.0 188
283.6230 3194.0 188
284.2603 3198.0 188
284.8865 3214.0 188
285.5292 3216.0 188
286.1554 3166.0 188
286.7926 3013.0 188
287.4353 3275.0 188
288.0615 3309.0 188
288.6987 3334.0 188
289.3250 3349.0 188
289.9677 3342.0 188
290.6049 3355.0 188
291.2311 3368.0 188
291.8738 3374.0 188
292.5110 3398.0 188
293.1372 3415.0 188
293.7799 3424.0 188
294.4171 3428.0 188
295.0433 3454.0 188
295.6860 3461.0 188
296.3232 3488.0 188
296.9495 3513.0 188
297.5922 3535.0 188
298.2294 3539.0 188
298.8556 3565.0 188
299.4983 3577.0 188
300.1355 3610.0 188
300.7617 3639.0 188
301.4044 3654.0 188
302.0416 3673.0 188
302.6678 3712.0 188
303.3105 3721.0 188
303.8269 3754.0 188
304.5740 3769.0 188
305.2167 3790.0 188
305.9802 2459.0 188
306.6064 2480.0 188
307.2491 2494.0 188
307.8864 2545.0 188
308.5126 2682.0 188
308.9026 4011.0 188
309.5288 4021.0 188
310.1715 4056.0 188
310.7922 4089.0 188
311.4349 4127.0 188
312.0612 4179.0 188
312.6984 4209.0 188
313.3246 4236.0 188
313.9673 4275.0 188
314.5935 4325.0 188
315.2307 4402.0 188
315.8569 4432.0 188
316.4996 4465.0 188
317.1204 4532.0 188
317.7631 4589.0 188
318.3893 4624.0 188
319.0265 4702.0 188
319.6527 4752.0 188
320.2954 4813.0 188
320.9216 4890.0 188
321.5588 4942.0 188
322.1851 5011.0 188
322.8278 5067.0 188
323.4485 4967.0 188
324.0912 4906.0 188
324.7174 4883.0 188
325.3546 4828.0 188
325.9808 4789.0 188
326.6235 4752.0 188
327.2498 4733.0 188
327.8870 4821.0 188
328.5132 4899.0 188
329.1559 4963.0 188
329.7931 5027.0 188
330.4358 5127.0 188
331.0620 5239.0 188
331.6992 5318.0 188
332.3419 5395.0 188
332.9791 5502.0 188
357.2809 147.0 188
