#RPLIDAR SCAN DATA
#COUNT=443
#Angule	Distance	Quality
356.9183 842.0 188
357.5610 843.0 188
358.1873 843.0 188
358.8245 842.0 188
359.3408 840.0 188
0.0934 830.0 188
0.6042 812.0 188
8.7451 876.0 188
9.6405 858.0 188
10.1404 855.0 188
10.7776 855.0 188
11.4203 866.0 188
11.9202 871.0 188
12.5574 888.0 188
13.3264 903.0 188
13.8263 909.0 188
14.4635 918.0 188
15.1062 924.0 188
15.7324 929.0 188
16.3696 936.0 188
17.0123 941.0 188
17.6385 947.0 188
18.2813 949.0 188
18.9185 957.0 188
19.5612 964.0 188
20.0610 973.0 188
20.8246 981.0 188
21.3409 998.0 188
21.9836 1041.0 188
22.6208 1052.0 188
23.1207 1059.0 188
23.7634 1068.0 188
24.4061 1074.0 188
25.1697 1082.0 188
26.1859 1209.0 188
26.9495 1192.0 188
27.5922 1178.0 188
28.2294 1160.0 188
28.7457 1149.0 188
29.5148 1129.0 188
30.1355 1113.0 188
30.7782 1117.0 188
31.4209 1126.0 188
32.0581 1136.0 188
32.7008 1148.0 188
33.3270 1162.0 188
33.8434 1174.0 188
34.4806 1189.0 188
35.1233 1202.0 188
35.7605 1215.0 188
36.3867 1228.0 188
37.0294 1246.0 188
37.5458 1383.0 188
38.1830 1268.0 188
38.9520 1276.0 188
39.5892 1293.0 188
40.0891 1317.0 188
40.7318 1334.0 188
41.3745 1357.0 188
42.0117 1371.0 188
42.6544 1389.0 188
43.2806 1410.0 188
43.7915 1436.0 188
44.5605 1459.0 188
45.1978 1481.0 188
45.7141 1505.0 188
46.3403 1528.0 188
46.9830 1553.0 188
47.6202 1585.0 188
48.2629 1613.0 188
48.7793 1644.0 188
49.4165 1674.0 188
50.0427 1701.0 188
50.6854 1735.0 188
51.3281 1771.0 188
51.9653 1809.0 188
52.6080 1848.0 188
53.2343 1881.0 188
53.7451 1937.0 188
54.3878 1982.0 188
55.0305 2023.0 188
55.6677 2078.0 188
56.2939 2128.0 188
56.9366 2184.0 188
57.5739 2242.0 188
58.2166 2302.0 188
59.3701 2466.0 188
59.9963 2538.0 188
60.5127 3367.0 188
61.1554 3336.0 188
61.7926 3325.0 188
62.4188 3322.0 188
63.0615 3316.0 188
63.6987 3283.0 188
64.3414 3287.0 188
64.9841 3281.0 188
65.6049 3260.0 188
66.2476 3261.0 188
66.8903 3255.0 188
67.5275 3250.0 188
68.1537 3246.0 188
68.7964 3241.0 188
69.4336 3229.0 188
70.0763 3231.0 188
70.7135 3227.0 188
75.1685 3135.0 188
75.8112 3134.0 188
76.4484 3119.0 188
80.9033 3246.0 188
81.5460 3204.0 188
82.1832 3195.0 188
82.8094 3196.0 188
83.4521 3207.0 188
88.3575 373.0 188
88.7476 370.0 188
89.8737 369.0 188
90.0110 369.0 188
90.6537 367.0 188
91.4172 347.0 188
93.1696 317.0 188
93.6859 314.0 188
94.4495 312.0 188
94.8395 310.0 188
95.4822 310.0 188
95.9821 310.0 188
96.6248 310.0 188
97.6355 310.0 188
98.2782 309.0 188
98.4045 309.0 188
99.2944 308.0 188
99.6844 308.0 188
100.5743 308.0 188
101.4642 309.0 188
101.7169 311.0 188
102.4805 314.0 188
102.6233 318.0 188
103.7604 323.0 188
104.4031 327.0 188
104.9030 329.0 188
105.4193 331.0 188
105.8093 331.0 188
106.9519 331.0 188
107.3419 328.0 188
107.7319 327.0 188
108.4955 324.0 188
109.6381 321.0 188
110.4016 318.0 188
110.6708 316.0 188
111.1871 316.0 188
112.4506 315.0 188
112.5934 314.0 188
112.9834 314.0 188
113.7469 314.0 188
114.5105 314.0 188
115.1532 313.0 188
115.6696 314.0 188
116.3123 314.0 188
117.3230 313.0 188
117.8394 315.0 188
118.4821 314.0 188
118.8721 315.0 188
119.5148 316.0 188
120.2783 319.0 188
120.9210 322.0 188
122.3438 364.0 188
122.6074 368.0 188
123.1238 372.0 188
127.8864 175.0 188
128.7653 171.0 188
129.4025 168.0 188
130.0287 164.0 188
130.6714 161.0 188
131.3086 158.0 188
131.9348 157.0 188
132.5775 155.0 188
133.2147 154.0 188
133.8409 154.0 188
134.4836 153.0 188
135.1208 152.0 188
135.7471 152.0 188
136.3898 151.0 188
137.0270 151.0 188
137.6532 150.0 188
138.2959 149.0 188
138.9331 149.0 188
139.5593 148.0 188
140.2020 148.0 188
140.8392 148.0 188
141.4655 148.0 188
142.1082 147.0 188
142.7454 147.0 188
143.3716 147.0 188
144.0143 147.0 188
144.6515 147.0 188
145.2777 147.0 188
145.9204 146.0 188
146.5576 146.0 188
147.1838 146.0 188
147.8265 147.0 188
148.4637 147.0 188
149.0900 148.0 188
149.7327 151.0 188
152.2925 154.0 188
152.9352 153.0 188
153.5779 153.0 188
154.1986 153.0 188
154.8413 154.0 188
155.4840 155.0 188
156.1212 156.0 188
156.7639 157.0 188
160.3400 180.0 188
160.8563 182.0 188
161.6199 183.0 188
162.2626 185.0 188
162.9053 186.0 188
163.5425 188.0 188
164.1687 191.0 188
158.1866 1227.0 188
158.8239 1214.0 188
168.4039 1258.0 188
169.0302 1232.0 188
169.6674 1226.0 188
170.3101 1227.0 188
170.9528 1227.0 188
171.5900 1230.0 188
172.2327 1226.0 188
172.8589 1230.0 188
173.4961 1230.0 188
174.1388 1228.0 188
174.7760 1233.0 188
175.4187 1236.0 188
176.0449 1235.0 188
176.6821 1236.0 188
177.3248 1244.0 188
177.9675 1241.0 188
178.6047 1247.0 188
179.2310 1249.0 188
179.8737 1250.0 188
180.5109 1253.0 188
181.1536 1258.0 188
181.7963 1257.0 188
182.3071 1265.0 188
183.0597 1267.0 188
183.5596 1268.0 188
184.3231 1274.0 188
184.8230 1278.0 188
185.4657 1281.0 188
186.2183 1284.0 188
186.7291 1292.0 188
187.3553 1297.0 188
187.9980 1302.0 188
188.6243 1307.0 188
189.2615 1314.0 188
189.8877 1320.0 188
190.6512 1322.0 188
191.1511 1334.0 188
191.7938 1336.0 188
192.4200 1348.0 188
193.0463 1353.0 188
193.6835 1358.0 188
194.3097 1366.0 188
194.9524 1377.0 188
204.8566 189.0 188
205.4993 191.0 188
206.1200 188.0 188
203.0603 1505.0 188
205.1202 1425.0 188
205.7629 1376.0 188
212.3547 1254.0 188
212.9974 1219.0 188
213.6401 1214.0 188
214.2938 1228.0 188
214.9365 1242.0 188
215.5737 1259.0 188
216.1066 1275.0 188
216.7493 1285.0 188
217.3865 1302.0 188
218.1665 1320.0 188
218.6829 1335.0 188
219.3256 1352.0 188
219.9792 1375.0 188
220.6219 1393.0 188
221.2646 1409.0 188
221.7920 1432.0 188
222.4347 1454.0 188
223.2147 1477.0 188
223.7311 1492.0 188
224.3738 1516.0 188
225.0110 1541.0 188
225.6537 1568.0 188
226.2964 1596.0 188
226.9336 1622.0 188
227.4500 1648.0 188
228.0927 1762.0 188
228.7299 1808.0 188
229.3726 1769.0 188
230.0153 1780.0 188
230.5261 1905.0 188
231.1688 1953.0 188
231.8115 1999.0 188
232.4487 2038.0 188
233.1079 2080.0 188
233.7451 2122.0 188
234.3878 2172.0 188
235.0305 2223.0 188
235.6677 2275.0 188
236.3104 2329.0 188
236.8268 2402.0 188
237.4640 2456.0 188
238.1067 2509.0 188
238.7494 2538.0 188
239.3866 2606.0 188
240.0293 2624.0 188
240.6665 2698.0 188
241.3092 2788.0 188
241.9519 2870.0 188
242.4683 2988.0 188
243.1219 3074.0 188
244.3854 3123.0 188
245.0281 3119.0 188
245.6708 3112.0 188
246.3080 3095.0 188
246.9342 3101.0 188
247.5769 3097.0 188
248.2141 3084.0 188
248.8568 3077.0 188
249.4995 3063.0 188
250.1202 3052.0 188
250.7629 3056.0 188
251.4056 3054.0 188
252.0428 3044.0 188
252.6855 3045.0 188
253.3228 3046.0 188
253.9490 3039.0 188
254.5917 3036.0 188
255.2344 3031.0 188
255.8716 3043.0 188
256.5143 3036.0 188
257.1405 3017.0 188
257.7777 3032.0 188
258.5468 2871.0 188
259.1840 2958.0 188
259.8267 2964.0 188
260.3265 2960.0 188
260.9637 2959.0 188
261.6064 2960.0 188
262.2491 2967.0 188
262.8864 2966.0 188
263.5291 2980.0 188
264.1553 2974.0 188
264.7925 2984.0 188
265.4352 2991.0 188
266.0779 2988.0 188
266.6986 2968.0 188
267.3413 2982.0 188
267.9840 2919.0 188
268.7476 2901.0 188
269.2639 2995.0 188
269.8901 2996.0 188
270.5273 3032.0 188
271.1700 3030.0 188
271.8073 2991.0 188
272.4335 2862.0 188
273.0762 2984.0 188
273.8397 2946.0 188
274.4824 2860.0 188
274.9988 3123.0 188
275.6250 3133.0 188
276.2622 3155.0 188
276.9049 3156.0 188
277.5421 3185.0 188
278.1683 3194.0 188
278.8110 3208.0 188
279.4482 3219.0 188
280.0909 3238.0 188
280.7336 3255.0 188
281.3544 3264.0 188
281.9971 3270.0 188
282.6398 3292.0 188
283.2770 3306.0 188
283.9197 3328.0 188
284.5459 3340.0 188
285.1831 3359.0 188
285.8093 3377.0 188
286.4520 3395.0 188
287.0892 3408.0 188
287.7155 3427.0 188
288.3582 3442.0 188
288.9954 3467.0 188
289.6216 3499.0 188
290.2643 3513.0 188
290.9015 3538.0 188
291.5277 3564.0 188
292.1704 3598.0 188
292.8076 3618.0 188
293.4338 3658.0 188
294.0765 3696.0 188
294.9664 2316.0 188
295.4663 2323.0 188
296.1090 2348.0 188
296.7462 2406.0 188
297.8888 3881.0 188
298.5260 3912.0 188
299.0259 3941.0 188
299.6686 3959.0 188
300.3113 4007.0 188
300.9375 4059.0 188
301.5747 4090.0 188
302.2174 4133.0 188
302.8436 4179.0 188
303.4808 4210.0 188
304.1235 4254.0 188
304.7498 4304.0 188
305.3870 4370.0 188
306.0297 4415.0 188
306.6669 4462.0 188
307.2931 4513.0 188
307.9358 4561.0 188
308.5730 4645.0 188
309.2157 4715.0 188
309.8419 4767.0 188
310.4791 4837.0 188
311.1218 4915.0 188
311.7645 4850.0 188
312.3853 4800.0 188
313.0280 4755.0 188
313.6707 4736.0 188
314.3079 4698.0 188
314.9341 4649.0 188
315.5768 4635.0 188
316.2140 4647.0 188
316.8567 4713.0 188
317.4829 4804.0 188
318.1201 4883.0 188
318.7628 4963.0 188
319.4055 5037.0 188
320.0262 5152.0 188
320.6689 5234.0 188
321.3116 5342.0 188
321.9489 5433.0 188
327.5464 7840.0 188
357.0612 149.0 188
358.9673 153.0 188
