#LiDAR location in cm from ICP
# x y rad
0.00 0.00 0.00 
6.44 -2.75 0.04 
10.16 -6.83 0.01 
17.45 -9.04 0.08 
24.50 -10.58 0.15 
28.16 -12.99 0.06 
31.89 -17.17 -0.01 
36.14 -24.26 -0.02 
39.63 -30.49 -0.01 
41.99 -35.20 0.05 
44.26 -38.49 0.15 
49.37 -43.87 0.13 
52.42 -46.86 0.01 
60.11 -52.13 0.09 
69.18 -56.46 0.20 
79.09 -60.51 0.29 
86.62 -61.74 0.19 
94.80 -63.21 0.06 
100.71 -65.92 -0.01 
105.78 -68.45 -0.08 
111.41 -73.24 -0.10 
113.96 -77.29 -0.21 
114.71 -81.79 -0.24 
113.32 -84.18 -0.18 
113.58 -93.39 -0.05 
114.43 -100.55 -0.03 
115.47 -106.51 -0.14 
115.54 -111.53 -0.23 
116.32 -119.35 -0.21 
117.66 -126.79 -0.17 
120.67 -134.75 -0.07 
123.57 -140.21 -0.00 
125.43 -148.85 -0.02 
123.64 -154.66 -0.11 
121.62 -159.91 -0.20 
120.17 -166.42 -0.16 
118.72 -174.68 -0.17 
119.17 -184.93 -0.09 
120.26 -191.48 -0.16 
120.72 -194.87 -0.27 
120.75 -201.65 -0.27 
120.33 -205.49 -0.19 
118.17 -211.85 -0.12 
116.44 -217.86 -0.06 
114.73 -226.88 -0.00 
113.11 -233.26 -0.01 
113.20 -233.11 -0.01 
109.42 -243.68 -0.11 
101.45 -245.28 -0.25 
99.25 -247.79 -0.31 
93.07 -252.40 -0.42 
89.59 -254.52 -0.52 
85.21 -260.06 -0.53 
83.10 -265.49 -0.55 
84.45 -269.65 -0.62 
85.67 -274.01 -0.67 
87.10 -280.34 -0.71 
88.24 -287.54 -0.75 
89.35 -296.78 -0.81 
91.25 -302.76 -0.99 
90.08 -310.14 -1.09 
86.12 -316.50 -1.12 
81.77 -323.09 -1.16 
78.03 -328.08 -1.19 
72.23 -335.36 -1.22 
66.35 -342.49 -1.24 
60.45 -348.52 -1.14 
56.30 -352.89 -1.23 
50.80 -357.47 -1.27 
44.29 -362.85 -1.31 
39.18 -366.55 -1.40 
29.83 -371.39 -1.44 
19.61 -375.34 -1.47 
10.57 -378.35 -1.49 
2.11 -381.38 -1.42 
-4.95 -383.71 -1.36 
-12.69 -383.30 -1.42 
-22.59 -382.40 -1.45 
-29.94 -381.45 -1.42 
-36.29 -380.85 -1.35 
-44.83 -381.57 -1.31 
-55.13 -383.86 -1.34 
-64.76 -383.07 -1.41 
-77.29 -380.47 -1.44 
-86.80 -381.89 -1.58 
-93.63 -387.83 -1.48 
-99.52 -393.79 -1.38 
-108.68 -399.65 -1.37 
-116.65 -397.98 -1.35 
-121.52 -398.73 -1.28 
-130.45 -401.17 -1.23 
-138.20 -403.15 -1.20 
-144.59 -405.45 -1.15 
-151.66 -411.40 -1.10 
-158.36 -419.09 -1.03 
-162.24 -424.41 -0.98 
-165.01 -428.74 -0.94 
-168.43 -433.58 -0.90 
-171.82 -438.62 -0.87 
-175.62 -445.04 -0.83 
-181.33 -448.00 -0.93 
-183.04 -455.04 -0.86 
-183.70 -461.17 -0.78 
-181.06 -466.02 -6.95 
-177.07 -472.23 -6.86 
-183.59 -478.49 -6.85 
-190.73 -484.82 -6.88 
-196.27 -489.48 -6.85 
-198.90 -497.77 -6.84 
-199.75 -505.78 -6.79 
-199.64 -513.99 -6.80 
-199.77 -521.33 -6.83 
-200.06 -526.92 -6.85 
-200.38 -532.51 -6.88 
-200.80 -538.90 -6.90 
-201.30 -545.55 -6.78 
-203.82 -554.78 -6.70 
-203.83 -554.81 -6.70 
-211.32 -568.71 -6.72 
-212.92 -575.36 -6.67 
-215.49 -584.46 -6.59 
-218.07 -592.34 -6.50 
-219.80 -598.87 -6.44 
-221.17 -605.44 -6.39 
-222.49 -614.52 -6.38 
-224.21 -620.75 -6.47 
-229.66 -628.41 -6.40 
-234.96 -638.38 -6.53 
-238.52 -644.07 -6.61 
-242.48 -649.04 -6.68 
-248.19 -654.97 -6.78 
-253.16 -659.41 -6.88 
-258.95 -663.19 -6.97 
-264.96 -666.82 -7.05 
-270.68 -669.57 -7.11 
-277.53 -672.69 -7.16 
-284.32 -676.80 -7.16 
-289.66 -680.16 -7.14 
-296.61 -684.41 -7.13 
-301.13 -686.96 -7.21 
-305.87 -688.90 -7.28 
-314.06 -691.75 -7.35 
-320.01 -693.58 -7.39 
-332.72 -696.01 -7.51 
-340.31 -696.66 -7.58 
-346.89 -696.85 -7.64 
-354.43 -696.88 -7.70 
-363.24 -696.13 -7.74 
-373.79 -695.71 -7.65 
