#LiDAR location in cm from ICP
# x y rad
0.00 0.00 0.00 
-5.26 -18.95 -0.00 
-7.76 -32.48 0.11 
-7.65 -45.39 0.25 
-5.64 -57.41 0.32 
-2.86 -72.07 0.31 
-0.07 -82.81 0.40 
4.71 -97.23 0.40 
8.07 -111.49 0.22 
11.52 -125.53 0.25 
14.61 -139.26 0.22 
17.82 -149.26 0.33 
24.33 -163.13 0.44 
30.13 -172.54 0.49 
39.26 -182.57 0.61 
53.81 -200.06 0.54 
57.31 -216.78 0.48 
62.02 -235.30 0.56 
74.51 -238.30 0.72 
88.71 -246.62 0.80 
100.01 -259.89 0.83 
117.09 -271.82 0.88 
131.90 -280.78 0.94 
148.06 -288.88 1.04 
171.39 -300.78 0.96 
185.21 -310.31 0.73 
195.53 -320.35 0.86 
206.25 -328.37 1.00 
222.43 -337.45 1.14 
238.55 -344.04 1.29 
256.83 -348.68 1.28 
272.44 -350.72 1.37 
289.91 -345.11 1.47 
315.38 -343.07 1.48 
326.82 -343.41 1.26 
337.22 -345.18 1.09 
348.82 -348.77 0.91 
358.03 -354.28 0.76 
369.95 -363.89 0.52 
379.24 -375.62 0.38 
394.92 -382.61 0.50 
410.41 -381.94 0.66 
428.73 -383.79 0.57 
437.42 -401.12 0.41 
447.96 -417.52 0.44 
459.11 -430.34 0.54 
469.37 -440.15 0.32 
475.22 -455.30 0.22 
482.09 -467.15 0.36 
490.48 -478.61 0.51 
