#RPLIDAR SCAN DATA
#COUNT=382
#Angule	Distance	Quality
355.9186 2122.0 188
356.5448 2118.0 188
357.1875 2112.0 188
357.8082 2111.0 188
358.4509 2107.0 188
359.0936 2108.0 188
359.7144 2092.0 188
0.3571 2091.0 188
0.9833 2047.0 188
9.2340 2107.0 188
9.8547 2077.0 188
10.4974 2057.0 188
11.1237 2052.0 188
11.7609 2039.0 188
12.3871 2039.0 188
13.0298 2039.0 188
13.6560 2041.0 188
14.2932 2043.0 188
14.9194 2041.0 188
15.5621 2049.0 188
16.1829 2046.0 188
16.8256 2043.0 188
17.4518 2046.0 188
18.0890 2057.0 188
18.7152 2049.0 188
19.3579 2060.0 188
19.9841 2061.0 188
20.6213 2061.0 188
21.2476 2066.0 188
21.8903 2062.0 188
22.5110 2076.0 188
23.1537 2078.0 188
23.7799 2081.0 188
24.4171 2086.0 188
25.0433 2087.0 188
25.6860 2093.0 188
26.3123 2106.0 188
26.9495 2109.0 188
27.5922 2108.0 188
28.2294 2117.0 188
28.8721 2121.0 188
29.5148 2126.0 188
30.1520 2144.0 188
30.7947 2155.0 188
31.4374 2157.0 188
32.0746 2165.0 188
32.7008 2172.0 188
33.3435 2178.0 188
33.9807 2180.0 188
34.6234 2204.0 188
35.2606 2209.0 188
35.9033 2214.0 188
36.5460 2226.0 188
37.1832 2234.0 188
37.8259 2253.0 188
38.3423 2264.0 188
39.1058 2278.0 188
39.7321 2286.0 188
40.2484 2308.0 188
41.0120 2317.0 188
41.6547 2333.0 188
42.2919 2343.0 188
42.8082 2363.0 188
43.4509 2380.0 188
44.0936 2393.0 188
44.7308 2403.0 188
45.3735 2409.0 188
46.0107 2439.0 188
46.6370 2457.0 188
47.2797 2470.0 188
47.9169 2504.0 188
48.5596 2513.0 188
49.2023 2525.0 188
49.8230 2538.0 188
50.4657 2577.0 188
51.1084 2594.0 188
51.7456 2604.0 188
52.3883 2630.0 188
53.0145 2669.0 188
53.6517 2683.0 188
54.2944 2713.0 188
54.9371 2736.0 188
55.5743 2773.0 188
56.2170 2807.0 188
56.7169 2849.0 188
74.4489 4236.0 188
75.0916 4294.0 188
93.1201 376.0 188
93.8892 370.0 188
94.6362 364.0 188
95.7788 358.0 188
96.0260 353.0 188
97.0422 346.0 188
111.3574 345.0 188
112.2473 344.0 188
112.5000 341.0 188
113.6371 340.0 188
114.3896 340.0 188
114.7797 341.0 188
115.5267 343.0 188
115.7959 345.0 188
116.1859 349.0 188
117.0593 352.0 188
117.4493 358.0 188
118.2019 367.0 188
118.4656 374.0 188
119.4653 380.0 188
119.7290 385.0 188
120.6244 389.0 188
120.9979 392.0 188
121.5143 397.0 188
122.3877 400.0 188
123.0304 403.0 188
123.4039 407.0 188
123.9203 410.0 188
124.6674 411.0 188
125.0574 413.0 188
125.9528 414.0 188
126.6998 415.0 188
127.2162 415.0 188
127.7161 415.0 188
128.3588 414.0 188
129.2322 411.0 188
129.6222 409.0 188
130.3857 407.0 188
131.1383 404.0 188
131.6547 403.0 188
132.4182 403.0 188
133.1873 404.0 188
133.8245 406.0 188
134.4672 412.0 188
139.5428 333.0 188
140.1855 314.0 188
140.8228 312.0 188
142.0917 307.0 188
142.6080 305.0 188
143.6243 305.0 188
144.1406 304.0 188
144.3878 302.0 188
144.9042 300.0 188
145.7941 301.0 188
146.5576 304.0 188
150.2325 3076.0 188
150.8588 3045.0 188
151.4960 3022.0 188
152.1387 2997.0 188
152.9022 2955.0 188
153.5284 2932.0 188
154.1711 2903.0 188
154.8083 2879.0 188
155.4510 2855.0 188
156.0773 2842.0 188
156.7145 2811.0 188
157.3572 2790.0 188
157.9999 2759.0 188
158.6206 2750.0 188
159.2633 2728.0 188
159.9060 2710.0 188
160.5432 2681.0 188
161.1694 2651.0 188
161.8121 2624.0 188
162.4493 2611.0 188
163.0920 2594.0 188
163.7183 2576.0 188
164.3555 2559.0 188
164.9982 2534.0 188
165.6354 2524.0 188
166.2616 2506.0 188
166.9043 2500.0 188
167.5415 2487.0 188
168.1842 2521.0 188
168.8104 2565.0 188
169.4531 2632.0 188
170.0903 2634.0 188
170.7330 2416.0 188
171.3702 2407.0 188
171.9965 2419.0 188
172.6392 2430.0 188
173.2764 2449.0 188
173.9191 2462.0 188
174.5618 2483.0 188
175.1825 2501.0 188
175.8252 2520.0 188
176.4679 2532.0 188
177.1051 2564.0 188
177.7478 2590.0 188
178.3905 2615.0 188
179.0112 2629.0 188
179.6539 2648.0 188
180.2966 2680.0 188
180.9338 2691.0 188
181.5765 2720.0 188
182.2028 2742.0 188
182.8400 2777.0 188
183.4827 2793.0 188
184.1199 2820.0 188
184.6362 2849.0 188
185.3888 2876.0 188
185.9052 2904.0 188
186.9324 6202.0 188
187.5751 6132.0 188
189.4812 6382.0 188
190.1239 6285.0 188
192.0300 8692.0 188
192.6672 8944.0 188
193.3099 7996.0 188
205.3894 193.0 188
206.0266 192.0 188
202.4670 3119.0 188
203.1042 3024.0 188
203.7469 3037.0 188
204.3732 3042.0 188
205.0104 3036.0 188
205.6531 3025.0 188
206.2958 2954.0 188
212.6843 3230.0 188
213.3270 3189.0 188
213.9642 3173.0 188
214.6069 3200.0 188
215.2496 3201.0 188
215.8868 3208.0 188
216.5295 3228.0 188
217.1667 3251.0 188
217.8094 3258.0 188
218.4521 3284.0 188
219.0894 3295.0 188
219.7321 3321.0 188
220.3748 3345.0 188
221.0120 3354.0 188
221.6547 3379.0 188
222.2919 3407.0 188
222.9346 3417.0 188
223.5773 3454.0 188
224.2145 3474.0 188
224.8572 3492.0 188
225.4999 3524.0 188
226.1371 3546.0 188
226.7798 3563.0 188
227.4170 3604.0 188
228.0597 3619.0 188
228.7024 3655.0 188
229.3396 3677.0 188
229.9658 3718.0 188
230.6085 3741.0 188
231.2457 3769.0 188
231.8884 3804.0 188
232.5311 3831.0 188
233.0420 3869.0 188
233.8110 3911.0 188
234.3274 3955.0 188
234.9481 3981.0 188
235.5908 4014.0 188
236.2335 4053.0 188
236.8707 4086.0 188
237.5134 4138.0 188
238.1561 4194.0 188
238.7933 4237.0 188
239.4360 4315.0 188
240.0623 4368.0 188
240.6995 4408.0 188
241.3422 4475.0 188
241.9794 4526.0 188
242.6221 4589.0 188
243.2648 4669.0 188
243.9020 4727.0 188
244.5447 4800.0 188
245.1709 4890.0 188
245.8081 4924.0 188
246.4508 4976.0 188
247.0935 4988.0 188
247.7307 4951.0 188
248.3734 4949.0 188
249.0106 4897.0 188
249.6533 4850.0 188
250.2795 4828.0 188
250.9167 4815.0 188
251.5594 4750.0 188
252.2021 4738.0 188
252.8394 4692.0 188
253.4821 4675.0 188
254.1083 4645.0 188
254.7455 4641.0 188
255.3882 4620.0 188
256.0309 4587.0 188
256.6681 4563.0 188
257.3108 4538.0 188
257.9370 4507.0 188
258.5742 4478.0 188
259.2169 4540.0 188
259.8541 4679.0 188
260.4968 4800.0 188
261.1395 4928.0 188
261.7767 5034.0 188
262.4030 5186.0 188
263.0457 5313.0 188
263.6829 5444.0 188
264.3256 5616.0 188
264.9683 5819.0 188
265.4791 6073.0 188
266.7480 6512.0 188
297.1198 8460.0 188
297.7460 8375.0 188
298.3887 8355.0 188
299.0149 8407.0 188
299.6521 8453.0 188
300.2948 8447.0 188
300.9210 8507.0 188
301.5582 8588.0 188
302.1844 6039.0 188
302.8271 5860.0 188
303.5742 5690.0 188
304.2169 5562.0 188
304.8431 5403.0 188
305.4803 4231.0 188
306.1230 5149.0 188
306.7493 5039.0 188
307.3865 4815.0 188
308.0127 4679.0 188
308.6554 4559.0 188
309.2761 4467.0 188
309.9188 4290.0 188
310.5615 4263.0 188
311.1823 4232.0 188
311.8250 4137.0 188
312.4512 4092.0 188
313.0884 4019.0 188
313.8574 3932.0 188
314.4836 3851.0 188
315.1208 3785.0 188
315.7635 3722.0 188
316.3898 3664.0 188
317.0270 3601.0 188
317.6697 3532.0 188
318.2959 3493.0 188
318.9331 3449.0 188
319.5758 3400.0 188
320.2020 3333.0 188
320.8392 3278.0 188
321.4819 3238.0 188
322.1082 3187.0 188
322.7454 3136.0 188
323.3881 3106.0 188
324.0143 3082.0 188
324.6515 3032.0 188
325.2942 3012.0 188
325.9204 2969.0 188
326.5576 2927.0 188
327.2003 2899.0 188
327.8265 2862.0 188
328.5901 2825.0 188
329.2328 2801.0 188
329.8590 2771.0 188
330.4962 2746.0 188
331.1389 2713.0 188
331.7651 2689.0 188
332.4023 2665.0 188
333.0450 2653.0 188
333.6713 2608.0 188
334.3085 2590.0 188
334.9512 2576.0 188
335.5774 2549.0 188
336.2146 2519.0 188
336.8573 2510.0 188
337.4835 2495.0 188
338.1207 2467.0 188
338.7634 2446.0 188
339.3896 2432.0 188
340.0269 2407.0 188
340.6696 2397.0 188
341.4331 2379.0 188
342.0593 2371.0 188
342.5757 2350.0 188
343.3392 2334.0 188
343.9655 2315.0 188
344.4818 2322.0 188
345.2454 2304.0 188
345.7452 2282.0 188
346.5143 2276.0 188
347.0306 2322.0 188
357.0612 153.0 188
357.6984 148.0 188
358.3411 150.0 188
