#RPLIDAR SCAN DATA
#COUNT=373
#Angule	Distance	Quality
355.6219 2550.0 188
356.2482 2512.0 188
356.8854 2508.0 188
357.5116 2497.0 188
358.1543 2499.0 188
358.7805 2496.0 188
359.4177 2486.0 188
0.0439 2490.0 188
0.6866 2475.0 188
1.3074 2463.0 188
9.5416 2581.0 188
10.1678 2555.0 188
10.8105 2520.0 188
11.4368 2522.0 188
12.0740 2517.0 188
12.7002 2528.0 188
13.3429 2524.0 188
13.9636 2542.0 188
14.6063 2548.0 188
15.2325 2548.0 188
15.8698 2551.0 188
16.4960 2563.0 188
17.1387 2567.0 188
17.7759 2585.0 188
18.4186 2587.0 188
19.0613 2592.0 188
19.6985 2603.0 188
20.3412 2621.0 188
20.9839 2608.0 188
21.6211 2619.0 188
22.2638 2639.0 188
22.8900 2656.0 188
23.5272 2665.0 188
24.1699 2673.0 188
24.8071 2676.0 188
25.4498 2685.0 188
26.0925 2699.0 188
26.7297 2713.0 188
27.3724 2748.0 188
28.0151 2754.0 188
28.6523 2771.0 188
29.2950 2792.0 188
29.9213 2791.0 188
30.5585 2795.0 188
31.2012 2824.0 188
31.8384 2847.0 188
32.3547 2862.0 188
33.1238 2876.0 188
33.7610 2877.0 188
34.2773 2904.0 188
34.9200 2934.0 188
35.5573 2953.0 188
36.2000 2971.0 188
36.8262 2985.0 188
37.4634 3012.0 188
38.1061 3036.0 188
38.7488 3067.0 188
39.3860 3079.0 188
40.0122 3094.0 188
40.6549 3115.0 188
41.2921 3150.0 188
41.9348 3180.0 188
42.5775 3210.0 188
43.1982 3242.0 188
43.8409 3264.0 188
44.4836 3305.0 188
45.1208 3335.0 188
45.7635 3369.0 188
46.4063 3402.0 188
47.0270 3438.0 188
47.6697 3474.0 188
48.3124 3509.0 188
48.9496 3555.0 188
49.5923 3603.0 188
50.2185 3655.0 188
50.8557 3677.0 188
51.4984 3728.0 188
52.1356 3763.0 188
52.6520 3819.0 188
53.4045 3864.0 188
54.0417 3895.0 188
54.5581 3971.0 188
55.2008 4024.0 188
55.8435 4073.0 188
56.4807 4151.0 188
57.1234 4202.0 188
57.7606 4273.0 188
58.4033 4343.0 188
59.0460 4410.0 188
59.6832 4494.0 188
60.3259 4575.0 188
60.9686 4663.0 188
61.4795 5943.0 188
62.1222 5986.0 188
62.7649 5979.0 188
63.4021 5983.0 188
100.0745 317.0 188
101.2170 318.0 188
101.6071 317.0 188
102.1069 317.0 188
102.7496 316.0 188
103.3868 313.0 188
104.5294 309.0 188
104.9030 307.0 188
116.1200 326.0 188
116.7627 327.0 188
117.7625 327.0 188
118.4052 328.0 188
118.4216 334.0 188
119.1852 341.0 188
119.8114 351.0 188
120.2014 361.0 188
120.9650 366.0 188
121.2341 369.0 188
121.9812 372.0 188
122.3712 373.0 188
123.1403 374.0 188
124.0302 374.0 188
124.4037 374.0 188
125.2936 371.0 188
125.6836 369.0 188
126.5735 365.0 188
127.0734 363.0 188
127.8424 362.0 188
128.6060 362.0 188
129.3750 364.0 188
129.7485 369.0 188
135.6866 2931.0 188
141.8280 308.0 188
142.0917 310.0 188
143.1079 299.0 188
143.4814 294.0 188
143.8715 293.0 188
144.8877 297.0 188
140.7788 3012.0 188
141.4215 2973.0 188
142.0587 2976.0 188
142.7014 2966.0 188
148.4528 3251.0 188
149.0900 3351.0 188
149.7327 3413.0 188
150.3699 3474.0 188
151.0126 3536.0 188
151.6553 3607.0 188
152.2760 3690.0 188
157.7966 10015.0 188
158.4338 10061.0 188
159.0601 10033.0 188
160.9827 6260.0 188
161.6199 6202.0 188
162.6196 2665.0 188
163.2623 2666.0 188
163.9050 2660.0 188
164.5422 2656.0 188
165.1849 2648.0 188
165.8112 2629.0 188
166.4484 2609.0 188
167.0911 2610.0 188
167.7338 2615.0 188
168.3710 2589.0 188
169.0137 2592.0 188
169.6399 2583.0 188
170.2771 2568.0 188
170.9198 2565.0 188
171.5625 2564.0 188
172.1997 2571.0 188
172.8259 2554.0 188
173.4686 2558.0 188
174.1058 2563.0 188
174.7485 2553.0 188
175.3857 2539.0 188
176.0120 2545.0 188
176.6547 2547.0 188
177.2919 2541.0 188
177.9346 2526.0 188
178.5773 2529.0 188
179.2145 2528.0 188
179.8407 2527.0 188
180.4834 2515.0 188
181.1206 2514.0 188
181.7633 2514.0 188
182.3895 2514.0 188
183.0267 2524.0 188
183.6694 2532.0 188
184.3121 2525.0 188
184.9493 2517.0 188
185.5756 2526.0 188
186.2183 2529.0 188
186.8555 2521.0 188
187.4982 2518.0 188
188.1244 2534.0 188
188.7616 2535.0 188
189.4043 2537.0 188
190.0415 2539.0 188
190.6842 2542.0 188
191.3104 2545.0 188
191.9531 2546.0 188
192.5903 2560.0 188
193.2330 2548.0 188
193.8593 2554.0 188
194.4965 2576.0 188
204.9335 191.0 188
205.5762 191.0 188
206.2134 189.0 188
202.1704 2662.0 188
202.8076 2670.0 188
203.4503 2674.0 188
204.1040 2681.0 188
204.7467 2690.0 188
205.3894 2695.0 188
206.0266 2665.0 188
212.4646 2897.0 188
213.1073 2912.0 188
213.6237 2926.0 188
214.2609 2922.0 188
214.9036 2940.0 188
215.5463 2953.0 188
216.2000 2990.0 188
216.8427 3012.0 188
217.4799 3043.0 188
218.1226 3061.0 188
218.7653 3083.0 188
219.4025 3099.0 188
220.0616 3123.0 188
220.6824 3151.0 188
221.3251 3177.0 188
221.9678 3216.0 188
222.6050 3236.0 188
223.2477 3261.0 188
223.8904 3302.0 188
224.5276 3326.0 188
225.1703 3359.0 188
225.8075 3380.0 188
226.4502 3429.0 188
227.0929 3470.0 188
227.7301 3494.0 188
228.3728 3531.0 188
229.0155 3583.0 188
229.6527 3638.0 188
230.2954 3569.0 188
230.9216 3535.0 188
231.5588 3513.0 188
232.2015 3484.0 188
232.8387 3445.0 188
233.4814 3416.0 188
234.1241 3375.0 188
234.7614 3338.0 188
235.4041 3328.0 188
236.0468 3286.0 188
236.6840 3256.0 188
237.3267 3227.0 188
237.9639 3207.0 188
238.6066 3188.0 188
239.2493 3157.0 188
239.8865 3131.0 188
240.5292 3111.0 188
241.1554 3087.0 188
241.7926 3071.0 188
242.4353 3053.0 188
243.0780 3038.0 188
243.7152 3014.0 188
244.3579 3017.0 188
244.9951 2985.0 188
245.6378 2969.0 188
246.2805 2997.0 188
246.9177 3063.0 188
247.5604 3122.0 188
248.2031 3186.0 188
248.8403 3277.0 188
249.4830 3347.0 188
250.1202 3423.0 188
250.7629 3503.0 188
251.4056 3607.0 188
252.0428 3699.0 188
252.6855 3823.0 188
253.2019 3941.0 188
253.8391 4050.0 188
254.4818 4159.0 188
255.1245 4299.0 188
255.7617 4456.0 188
256.4044 4645.0 188
257.0416 4810.0 188
257.6843 4990.0 188
258.3270 5206.0 188
258.9642 5334.0 188
259.6069 5576.0 188
267.0886 14786.0 188
267.7148 14786.0 188
293.1372 7173.0 188
293.7634 7173.0 188
294.4061 7192.0 188
295.0433 7178.0 188
295.6860 7192.0 188
296.3232 7275.0 188
296.9659 7299.0 188
297.5922 7329.0 188
298.2294 7409.0 188
298.8721 7384.0 188
299.5148 7440.0 188
300.1520 7570.0 188
300.7947 7549.0 188
301.4374 7602.0 188
302.0581 7613.0 188
302.7008 7635.0 188
303.4644 4990.0 188
304.1071 4910.0 188
304.7333 4755.0 188
305.3705 4708.0 188
306.0132 4602.0 188
306.6559 4530.0 188
307.2931 4460.0 188
307.9193 4377.0 188
308.5620 4311.0 188
309.1992 4253.0 188
309.8419 4159.0 188
310.4681 4114.0 188
311.1053 4062.0 188
311.7480 3999.0 188
312.3853 3914.0 188
313.1543 3862.0 188
313.6542 3869.0 188
315.0604 3619.0 188
315.7031 3465.0 188
316.3239 3393.0 188
316.9666 3405.0 188
317.6093 3415.0 188
318.2465 3461.0 188
320.1526 3376.0 188
320.7953 3360.0 188
321.4325 3337.0 188
322.0752 3294.0 188
322.7014 3266.0 188
323.3386 3231.0 188
323.9813 3215.0 188
324.6240 3176.0 188
325.2448 3154.0 188
325.8875 3120.0 188
326.5302 3095.0 188
327.1674 3071.0 188
327.8101 3059.0 188
328.4363 3044.0 188
329.0735 3020.0 188
329.7162 2998.0 188
330.3589 2968.0 188
330.9796 2948.0 188
331.6223 2927.0 188
332.2650 2893.0 188
332.9022 2872.0 188
333.5449 2865.0 188
334.1711 2849.0 188
334.9347 2837.0 188
335.5774 2812.0 188
336.2146 2789.0 188
336.8408 2798.0 188
337.4835 2766.0 188
338.1207 2754.0 188
338.7634 2746.0 188
339.4061 2733.0 188
340.0269 2711.0 188
340.6696 2693.0 188
341.3123 2682.0 188
341.9495 2675.0 188
342.5922 2673.0 188
343.2184 2664.0 188
343.8556 2653.0 188
344.4983 2636.0 188
345.1245 2608.0 188
345.7617 2606.0 188
346.4044 2599.0 188
347.0306 2658.0 188
357.0776 152.0 188
357.7148 149.0 188
358.3411 150.0 188
