#RPLIDAR SCAN DATA
#COUNT=389
#Angule	Distance	Quality
10.1074 2537.0 188
10.7446 2504.0 188
11.3708 2503.0 188
12.0135 2486.0 188
12.6563 2487.0 188
13.2935 2482.0 188
13.9197 2508.0 188
14.5624 2493.0 188
15.1996 2490.0 188
15.8258 2498.0 188
16.4685 2496.0 188
17.1057 2514.0 188
17.7484 2514.0 188
18.3746 2514.0 188
19.0118 2529.0 188
19.6545 2523.0 188
20.2808 2522.0 188
20.9180 2531.0 188
21.5607 2527.0 188
22.1979 2527.0 188
22.8241 2534.0 188
23.4668 2538.0 188
24.1040 2534.0 188
24.7302 2576.0 188
25.3729 2572.0 188
26.0156 2589.0 188
26.6528 2594.0 188
27.2791 2599.0 188
27.9218 2616.0 188
28.5590 2607.0 188
29.1852 2615.0 188
29.8279 2629.0 188
30.4651 2625.0 188
31.1078 2656.0 188
31.7340 2664.0 188
32.3712 2671.0 188
33.0139 2677.0 188
33.6511 2690.0 188
34.2938 2712.0 188
34.9365 2733.0 188
35.5737 2740.0 188
36.2164 2750.0 188
36.8591 2763.0 188
37.5128 2773.0 188
40.7318 2545.0 188
41.3745 2499.0 188
42.0117 2453.0 188
42.6544 2435.0 188
43.2916 2418.0 188
43.9508 2436.0 188
44.5935 2436.0 188
45.2307 2448.0 188
45.8734 2463.0 188
46.5106 2468.0 188
47.1533 2486.0 188
47.8125 2508.0 188
48.4497 2532.0 188
49.0924 2568.0 188
49.7296 2617.0 188
50.3723 2685.0 188
51.0260 2682.0 188
51.6687 2689.0 188
52.3114 2703.0 188
52.9486 2712.0 188
53.5913 2731.0 188
54.2450 2753.0 188
54.8712 2856.0 188
55.5139 2814.0 188
56.1511 2847.0 188
56.6675 2894.0 188
57.3102 3546.0 188
57.9529 3614.0 188
58.5901 3647.0 188
59.2328 3691.0 188
59.8700 3735.0 188
60.5127 3798.0 188
95.5151 350.0 188
96.6522 352.0 188
97.2949 349.0 188
97.3114 347.0 188
98.5748 342.0 188
99.3549 335.0 188
109.5612 349.0 188
110.5774 346.0 188
111.3409 342.0 188
111.7310 340.0 188
112.3737 340.0 188
112.9999 341.0 188
113.5107 343.0 188
114.2798 345.0 188
115.0433 348.0 188
115.4333 352.0 188
115.8124 357.0 188
116.4496 362.0 188
117.4658 366.0 188
117.6086 369.0 188
118.3722 372.0 188
119.2621 375.0 188
119.3884 378.0 188
120.2783 381.0 188
120.9210 383.0 188
121.5582 386.0 188
121.9482 389.0 188
122.4646 392.0 188
123.1073 394.0 188
123.9972 394.0 188
124.7498 395.0 188
125.1398 395.0 188
125.6561 394.0 188
126.4197 390.0 188
126.9360 388.0 188
127.9523 383.0 188
128.4686 379.0 188
128.9795 377.0 188
129.8584 377.0 188
130.3748 378.0 188
131.1383 377.0 188
131.5283 378.0 188
132.6709 378.0 188
133.0609 380.0 188
133.4509 382.0 188
134.4672 385.0 188
134.7144 390.0 188
140.7019 306.0 188
141.2018 304.0 188
141.9653 301.0 188
142.8552 291.0 188
142.8552 291.0 188
144.1241 293.0 188
144.3878 296.0 188
145.5469 324.0 188
146.1841 333.0 188
148.9197 1860.0 188
149.6832 1839.0 188
150.3094 1830.0 188
150.9521 1808.0 188
151.5894 1793.0 188
152.2156 1775.0 188
152.8583 1762.0 188
153.4955 1754.0 188
154.1382 1742.0 188
154.7644 1731.0 188
155.5280 1713.0 188
156.0443 1697.0 188
156.8079 1682.0 188
157.4341 1672.0 188
157.9504 1657.0 188
158.5931 1644.0 188
159.3402 1624.0 188
159.9829 1619.0 188
160.4993 1605.0 188
161.2628 1595.0 188
161.8890 1584.0 188
162.5262 1569.0 188
163.1689 1565.0 188
163.7952 1551.0 188
164.4324 1545.0 188
165.0751 1532.0 188
165.7178 1528.0 188
166.3385 1519.0 188
166.9812 1507.0 188
167.6239 1505.0 188
168.2446 1537.0 188
169.0137 1487.0 188
169.5300 1483.0 188
170.1672 1475.0 188
170.9198 1475.0 188
171.5625 1463.0 188
172.0734 1454.0 188
172.6996 1448.0 188
173.3423 1445.0 188
174.1058 1440.0 188
174.7485 1433.0 188
175.2484 1431.0 188
175.8856 1425.0 188
176.6547 1421.0 188
177.2919 1417.0 188
177.9181 1415.0 188
178.5608 1414.0 188
179.1980 1410.0 188
179.8407 1404.0 188
180.4834 1401.0 188
181.1206 1398.0 188
181.7633 1397.0 188
182.4060 1391.0 188
183.0432 1387.0 188
183.6859 1405.0 188
184.3121 1385.0 188
184.9493 1387.0 188
185.5920 1383.0 188
186.2292 1382.0 188
186.8719 1379.0 188
187.5146 1377.0 188
188.1519 1380.0 188
188.7946 1376.0 188
189.4373 1374.0 188
190.0745 1376.0 188
190.7172 1374.0 188
191.3434 1378.0 188
191.9806 1384.0 188
192.6233 1378.0 188
193.2605 1379.0 188
193.9032 1378.0 188
194.5459 1376.0 188
195.1831 1386.0 188
205.1367 192.0 188
205.7794 191.0 188
206.4166 193.0 188
202.2308 1390.0 188
202.8735 1405.0 188
203.5107 1406.0 188
204.1534 1410.0 188
204.6698 1412.0 188
205.4333 1405.0 188
206.0760 1384.0 188
212.3712 1504.0 188
213.0139 1490.0 188
213.6511 1484.0 188
214.2938 1491.0 188
214.9365 1501.0 188
215.5737 1486.0 188
216.2164 1510.0 188
216.8591 1523.0 188
217.4963 1531.0 188
218.1555 1539.0 188
218.7762 1548.0 188
219.4189 1553.0 188
220.0616 1566.0 188
220.6989 1571.0 188
221.3416 1586.0 188
221.9843 1597.0 188
222.6215 1608.0 188
223.2642 1618.0 188
223.9014 1628.0 188
224.4177 1640.0 188
225.0604 1645.0 188
225.8240 1663.0 188
226.3403 1675.0 188
226.9830 1689.0 188
227.6202 1705.0 188
228.2629 1725.0 188
228.8892 1735.0 188
229.5264 1744.0 188
230.1691 1769.0 188
230.8118 1778.0 188
231.4490 1787.0 188
232.0917 1806.0 188
232.7344 1831.0 188
233.3716 1852.0 188
234.0143 1863.0 188
234.5306 1880.0 188
235.2942 1898.0 188
235.9369 1923.0 188
236.4478 1942.0 188
237.0905 1965.0 188
237.7332 1989.0 188
238.3704 2011.0 188
238.9966 2027.0 188
239.6393 2057.0 188
240.2765 2084.0 188
240.9192 2108.0 188
241.5619 2137.0 188
242.1991 2160.0 188
242.8418 2190.0 188
243.4790 2218.0 188
244.1217 2248.0 188
244.6381 2286.0 188
245.4016 2317.0 188
246.0443 2361.0 188
246.5607 2384.0 188
247.1979 2419.0 188
247.8406 2454.0 188
248.4833 2514.0 188
249.1205 2543.0 188
249.7632 2597.0 188
250.4059 2628.0 188
251.0431 2685.0 188
251.6858 2721.0 188
252.3230 2781.0 188
252.9657 2842.0 188
253.4821 2900.0 188
254.1248 2960.0 188
254.7620 3024.0 188
255.4047 3101.0 188
256.0419 3163.0 188
256.6846 3231.0 188
257.3273 3304.0 188
257.9645 3374.0 188
258.6072 3454.0 188
259.2334 3548.0 188
259.8706 3660.0 188
260.4968 3765.0 188
261.1395 3875.0 188
261.6559 3998.0 188
262.2766 4133.0 188
262.9193 4247.0 188
263.5620 4402.0 188
264.1827 4545.0 188
264.8254 4725.0 188
265.4517 4931.0 188
266.0889 5113.0 188
266.7316 5282.0 188
267.9950 5705.0 188
269.1376 10647.0 188
269.7803 10690.0 188
270.4010 10818.0 188
271.0437 10829.0 188
271.6864 10732.0 188
272.3071 10786.0 188
272.9498 10807.0 188
273.5925 10797.0 188
274.2188 10786.0 188
298.4052 8588.0 188
299.0424 8507.0 188
300.3113 7624.0 188
300.9485 7304.0 188
301.5747 7173.0 188
302.2174 7010.0 188
302.8546 6735.0 188
303.4973 6556.0 188
304.1235 6404.0 188
304.7607 6202.0 188
305.4034 6056.0 188
306.1560 5966.0 188
306.6669 5788.0 188
307.4359 5637.0 188
308.0731 5547.0 188
308.6993 5411.0 188
309.3420 5298.0 188
309.9792 5246.0 188
310.6055 5098.0 188
311.2482 4992.0 188
311.8854 4928.0 188
312.5281 4810.0 188
313.1543 4723.0 188
313.7915 4645.0 188
314.4342 4549.0 188
315.0604 4482.0 188
315.7031 4419.0 188
316.3403 4347.0 188
316.9830 4266.0 188
317.6093 4187.0 188
318.2465 4133.0 188
318.8892 4087.0 188
319.5264 4024.0 188
320.1526 3947.0 188
320.9216 3895.0 188
321.4215 3858.0 188
322.0587 3796.0 188
322.8113 3761.0 188
323.3276 3762.0 188
324.0747 3788.0 188
324.5911 3822.0 188
325.3436 3855.0 188
325.9808 3895.0 188
326.6071 3932.0 188
327.1234 3975.0 188
327.7496 4036.0 188
328.3868 4082.0 188
329.0131 4124.0 188
329.6558 4194.0 188
330.2765 4239.0 188
330.9192 4304.0 188
331.5454 4359.0 188
332.1826 4415.0 188
332.8088 4460.0 188
333.4515 4532.0 188
334.0778 4616.0 188
334.7150 4677.0 188
335.3412 4733.0 188
335.9839 4828.0 188
336.6046 4924.0 188
337.2473 4979.0 188
337.8735 4999.0 188
338.5107 5127.0 188
339.1370 5041.0 188
339.7797 5105.0 188
340.4059 5208.0 188
341.0431 5249.0 188
341.6858 5311.0 188
342.3120 5420.0 188
342.9492 5582.0 188
343.5919 5608.0 188
344.2181 5669.0 188
345.3717 6355.0 188
345.9979 6404.0 188
357.0612 152.0 188
357.6984 149.0 188
358.3246 149.0 188
