#RPLIDAR SCAN DATA
#COUNT=369
#Angule	Distance	Quality
11.0577 2480.0 188
11.6840 2482.0 188
12.3267 2486.0 188
12.9639 2489.0 188
13.6066 2491.0 188
14.2328 2495.0 188
14.8700 2496.0 188
15.5127 2491.0 188
16.1389 2494.0 188
16.7761 2494.0 188
17.4188 2518.0 188
18.0615 2521.0 188
18.6823 2516.0 188
19.3250 2519.0 188
19.9677 2522.0 188
20.5884 2538.0 188
21.2311 2545.0 188
21.8738 2543.0 188
22.5110 2560.0 188
23.1372 2560.0 188
23.7799 2579.0 188
24.4171 2591.0 188
25.0433 2594.0 188
25.6860 2601.0 188
26.3232 2625.0 188
26.9659 2623.0 188
27.5922 2653.0 188
28.2294 2637.0 188
28.8721 2664.0 188
29.4983 2666.0 188
30.1355 2669.0 188
30.7782 2676.0 188
31.4209 2691.0 188
32.0416 2695.0 188
32.6843 2704.0 188
33.3270 2742.0 188
33.9642 2749.0 188
34.5905 2763.0 188
35.2332 2771.0 188
35.8704 2778.0 188
36.5131 2788.0 188
37.1558 2831.0 188
37.7930 2844.0 188
38.3093 2863.0 188
39.0729 2877.0 188
39.5728 2882.0 188
40.2155 2910.0 188
40.8582 2933.0 188
41.4954 2966.0 188
42.1381 2985.0 188
42.7808 3007.0 188
43.4180 3009.0 188
46.0931 2827.0 188
46.7303 2785.0 188
47.3730 2743.0 188
48.0103 2703.0 188
48.6530 2699.0 188
49.2957 2693.0 188
49.9219 2707.0 188
50.5591 2728.0 188
51.2018 2737.0 188
51.8390 2754.0 188
52.4817 2790.0 188
53.1244 2821.0 188
53.7616 2869.0 188
54.9207 3003.0 188
55.5579 3007.0 188
56.2006 3011.0 188
56.8433 3045.0 188
57.4805 3069.0 188
58.1232 3101.0 188
58.7604 3136.0 188
75.8551 6431.0 188
76.4978 6504.0 188
77.1405 6632.0 188
96.7017 348.0 188
97.2180 339.0 188
97.9816 333.0 188
112.6703 370.0 188
113.3075 371.0 188
113.9502 371.0 188
114.8401 371.0 188
115.2136 372.0 188
115.9827 375.0 188
116.6199 377.0 188
117.1362 380.0 188
117.5262 383.0 188
118.5425 385.0 188
119.3115 387.0 188
119.8114 390.0 188
120.0751 392.0 188
120.8386 394.0 188
121.5912 395.0 188
122.3547 397.0 188
122.8711 397.0 188
123.3710 397.0 188
124.1400 397.0 188
124.6509 397.0 188
125.1563 394.0 188
126.1670 391.0 188
126.4362 390.0 188
127.1832 389.0 188
128.1995 389.0 188
128.7158 389.0 188
129.1058 390.0 188
129.9792 390.0 188
130.4956 391.0 188
131.0120 394.0 188
131.6382 395.0 188
132.2809 398.0 188
133.0444 403.0 188
133.1708 413.0 188
140.4053 306.0 188
141.2787 304.0 188
141.7950 302.0 188
142.3114 291.0 188
143.3276 291.0 188
144.3384 293.0 188
144.7339 297.0 188
146.0303 327.0 188
149.1833 1795.0 188
149.8260 1774.0 188
150.4523 1758.0 188
151.0895 1741.0 188
151.7322 1729.0 188
152.3749 1718.0 188
153.0121 1711.0 188
153.6548 1697.0 188
154.2920 1690.0 188
154.9347 1675.0 188
155.5774 1657.0 188
156.2146 1648.0 188
156.8573 1633.0 188
157.6044 1622.0 188
158.2471 1608.0 188
158.8898 1595.0 188
159.5270 1588.0 188
160.1697 1576.0 188
160.8124 1564.0 188
161.4496 1552.0 188
162.0923 1547.0 188
162.7185 1539.0 188
163.3557 1530.0 188
163.9984 1528.0 188
164.6356 1509.0 188
165.2783 1509.0 188
165.9210 1503.0 188
166.5582 1490.0 188
167.2009 1485.0 188
167.9480 1479.0 188
168.4644 1472.0 188
169.1071 1470.0 188
169.7498 1464.0 188
170.3870 1465.0 188
171.0297 1448.0 188
171.7932 1444.0 188
172.4359 1441.0 188
172.9358 1440.0 188
173.6993 1435.0 188
174.3420 1431.0 188
174.8584 1424.0 188
175.6219 1421.0 188
176.2646 1418.0 188
176.9019 1413.0 188
177.5446 1412.0 188
178.1708 1420.0 188
178.6871 1410.0 188
179.4507 1400.0 188
180.0934 1398.0 188
180.7306 1398.0 188
181.3733 1394.0 188
181.8896 1394.0 188
182.6532 1391.0 188
183.2959 1389.0 188
183.9331 1387.0 188
184.5593 1393.0 188
185.2020 1385.0 188
185.8392 1383.0 188
186.4819 1393.0 188
187.1246 1392.0 188
187.7618 1386.0 188
188.4045 1381.0 188
189.0417 1381.0 188
189.6844 1380.0 188
190.3271 1385.0 188
190.9644 1382.0 188
191.5906 1387.0 188
192.2333 1386.0 188
192.8705 1384.0 188
193.5132 1386.0 188
194.0295 1392.0 188
194.6667 1408.0 188
195.4358 1404.0 188
205.3729 193.0 188
206.0156 192.0 188
202.4670 1424.0 188
203.1042 1433.0 188
203.7469 1430.0 188
204.2633 1438.0 188
204.9060 1436.0 188
205.6696 1427.0 188
212.5909 1547.0 188
213.2336 1521.0 188
213.8708 1534.0 188
214.5135 1536.0 188
215.1563 1549.0 188
215.7935 1559.0 188
216.4362 1566.0 188
217.0734 1573.0 188
217.7161 1587.0 188
218.3588 1595.0 188
218.9960 1602.0 188
219.6387 1622.0 188
220.1550 1634.0 188
220.7922 1641.0 188
221.5613 1649.0 188
222.0776 1660.0 188
222.8412 1672.0 188
223.3575 1686.0 188
223.9948 1695.0 188
224.7638 1710.0 188
225.2802 1733.0 188
225.9174 1747.0 188
226.5601 1751.0 188
227.2028 1776.0 188
227.8400 1787.0 188
228.4991 1812.0 188
229.1364 1816.0 188
229.7791 1840.0 188
230.4218 1857.0 188
231.0590 1878.0 188
231.5753 1889.0 188
232.3389 1916.0 188
232.9816 1935.0 188
233.4979 1958.0 188
234.1406 1974.0 188
234.7778 2002.0 188
235.4205 2025.0 188
236.0577 2050.0 188
236.7004 2065.0 188
237.3431 2091.0 188
237.9803 2115.0 188
238.6395 2147.0 188
239.2603 2169.0 188
239.9030 2200.0 188
240.5457 2227.0 188
241.1829 2259.0 188
241.8256 2301.0 188
242.3419 2327.0 188
242.9791 2363.0 188
243.6218 2393.0 188
244.2645 2432.0 188
244.9017 2475.0 188
245.5444 2518.0 188
246.1871 2556.0 188
246.8243 2607.0 188
247.4670 2647.0 188
248.1042 2696.0 188
248.7469 2744.0 188
249.3896 2798.0 188
250.0269 2859.0 188
250.5432 2913.0 188
251.1859 2974.0 188
251.8231 3038.0 188
252.4658 3104.0 188
253.1085 3175.0 188
253.7457 3243.0 188
254.3884 3330.0 188
255.0311 3404.0 188
255.6683 3485.0 188
256.3110 3558.0 188
256.9482 3690.0 188
257.5909 3785.0 188
258.2336 3912.0 188
258.7500 4019.0 188
259.3707 4132.0 188
260.0134 4278.0 188
260.6561 4428.0 188
261.2933 4608.0 188
261.9360 4761.0 188
262.5623 4988.0 188
263.1995 5134.0 188
263.8422 5287.0 188
266.2646 10512.0 188
266.9019 10523.0 188
267.5446 10554.0 188
268.1873 10431.0 188
268.8245 10441.0 188
269.4507 10431.0 188
270.0934 10391.0 188
270.7306 10401.0 188
294.8895 8534.0 188
296.7957 7943.0 188
298.7018 7154.0 188
299.3390 7029.0 188
299.9652 6731.0 188
300.6079 6588.0 188
301.2341 6378.0 188
301.8713 6139.0 188
302.4976 6053.0 188
303.2611 5895.0 188
303.9038 5751.0 188
304.5300 5637.0 188
305.1672 5556.0 188
305.7935 5382.0 188
306.4362 5292.0 188
307.0734 5226.0 188
307.6996 5122.0 188
308.3423 4986.0 188
308.9685 4870.0 188
309.6057 4795.0 188
310.2484 4708.0 188
310.8746 4612.0 188
311.5118 4526.0 188
312.1381 4477.0 188
312.7808 4397.0 188
313.4180 4322.0 188
314.0442 4258.0 188
314.6869 4194.0 188
315.3076 4117.0 188
315.9503 4056.0 188
316.5930 3996.0 188
317.3401 3918.0 188
317.9828 3871.0 188
318.6090 3818.0 188
319.2462 3785.0 188
319.8889 3745.0 188
320.5151 3686.0 188
321.1523 3637.0 188
321.7950 3591.0 188
322.4323 3544.0 188
323.0750 3514.0 188
323.7177 3490.0 188
324.3549 3439.0 188
324.9976 3395.0 188
325.6403 3415.0 188
326.2775 3457.0 188
326.9202 3482.0 188
327.5574 3525.0 188
328.2001 3586.0 188
328.8428 3642.0 188
329.4800 3680.0 188
329.9963 3732.0 188
330.7654 3779.0 188
331.2762 3844.0 188
331.9189 3898.0 188
332.6825 3944.0 188
333.1989 4002.0 188
333.8416 4090.0 188
334.4843 4143.0 188
335.1215 4209.0 188
335.7642 4280.0 188
336.4014 4372.0 188
337.0441 4460.0 188
337.6868 4511.0 188
338.3240 4628.0 188
338.9667 4715.0 188
339.6094 4815.0 188
340.2466 4922.0 188
340.8728 4769.0 188
341.5155 4826.0 188
342.1527 4972.0 188
342.7954 5065.0 188
343.4326 5229.0 188
344.0753 5267.0 188
344.7015 5339.0 188
345.9814 5628.0 188
356.9183 147.0 188
357.5610 148.0 188
