#RPLIDAR SCAN DATA
#COUNT=364
#Angule	Distance	Quality
358.5773 10797.0 188
12.6837 4277.0 188
13.3264 4303.0 188
13.9526 4778.0 188
14.5898 4692.0 188
15.2161 4583.0 188
15.8588 4477.0 188
16.4795 4399.0 188
17.1222 4308.0 188
17.7484 4231.0 188
18.3746 4135.0 188
19.0118 4062.0 188
19.6381 3971.0 188
20.2808 3906.0 188
21.0278 3829.0 188
21.5442 3777.0 188
22.2968 3716.0 188
22.9340 3645.0 188
23.5602 3591.0 188
24.2029 3525.0 188
24.8236 3479.0 188
25.4663 3425.0 188
26.0925 3381.0 188
26.7297 3333.0 188
27.3560 3288.0 188
27.9987 3244.0 188
28.6359 3208.0 188
29.2786 3172.0 188
29.9213 3124.0 188
30.5585 3088.0 188
31.2012 3062.0 188
31.8384 3027.0 188
32.4976 3005.0 188
33.1403 2993.0 188
33.7775 3018.0 188
34.4202 3030.0 188
35.0574 3070.0 188
35.7001 3099.0 188
36.3593 3134.0 188
36.9965 3178.0 188
37.6392 3219.0 188
38.2764 3247.0 188
38.9191 3303.0 188
39.5618 3342.0 188
40.1990 3387.0 188
40.8582 3431.0 188
41.4954 3478.0 188
42.1381 3532.0 188
42.7808 3592.0 188
43.4180 3657.0 188
44.0607 3711.0 188
44.7144 3759.0 188
45.3571 3823.0 188
45.8734 3886.0 188
46.5106 3941.0 188
47.1533 4022.0 188
47.7960 4092.0 188
48.4497 4186.0 188
51.6357 4119.0 188
52.2784 4130.0 188
52.9211 4116.0 188
53.5583 4095.0 188
54.2010 4073.0 188
54.8438 4114.0 188
55.4810 4217.0 188
56.7609 4484.0 188
95.5756 363.0 188
96.5753 365.0 188
96.8390 365.0 188
97.8552 364.0 188
97.9980 361.0 188
99.0143 356.0 188
99.3878 352.0 188
110.9839 361.0 188
111.9946 361.0 188
112.5110 359.0 188
112.7802 359.0 188
113.6700 360.0 188
113.9172 364.0 188
114.5599 368.0 188
115.2026 378.0 188
115.7135 386.0 188
116.3397 393.0 188
116.9824 398.0 188
117.6196 402.0 188
118.3887 405.0 188
118.7787 409.0 188
119.4049 411.0 188
120.0421 412.0 188
120.6848 413.0 188
121.4484 414.0 188
121.8274 414.0 188
122.7173 413.0 188
123.1073 410.0 188
123.8708 405.0 188
124.6399 400.0 188
125.5133 396.0 188
125.9033 393.0 188
126.7932 390.0 188
127.1832 389.0 188
128.0621 388.0 188
128.6993 389.0 188
129.3420 390.0 188
129.6057 391.0 188
130.3748 392.0 188
131.2482 395.0 188
131.8854 397.0 188
132.4017 401.0 188
132.9181 406.0 188
133.4344 413.0 188
141.0425 311.0 188
142.0587 309.0 188
142.5751 311.0 188
143.3276 300.0 188
143.7177 297.0 188
144.2340 297.0 188
144.7449 301.0 188
141.3721 1966.0 188
142.0148 1958.0 188
142.7783 1909.0 188
147.8705 1888.0 188
148.5132 1862.0 188
149.1394 1860.0 188
149.7766 1851.0 188
150.4193 1846.0 188
151.0620 1828.0 188
151.6992 1825.0 188
152.3419 1823.0 188
152.9791 1818.0 188
153.6218 1813.0 188
154.2645 1811.0 188
154.9017 1801.0 188
155.5444 1807.0 188
156.1871 1789.0 188
156.8243 1788.0 188
157.4670 1800.0 188
158.1042 1785.0 188
158.7469 1787.0 188
159.3896 1790.0 188
160.0269 1784.0 188
160.6696 1778.0 188
161.3123 1772.0 188
161.9495 1770.0 188
162.5922 1767.0 188
163.2294 1774.0 188
163.8721 1764.0 188
164.5148 1760.0 188
165.1520 1758.0 188
165.7947 1758.0 188
166.4374 1762.0 188
167.0746 1756.0 188
167.7173 1752.0 188
168.3545 1750.0 188
168.9972 1750.0 188
169.6399 1751.0 188
170.2771 1752.0 188
170.9198 1756.0 188
171.5735 1753.0 188
172.1997 1760.0 188
172.8424 1758.0 188
173.4796 1759.0 188
174.1223 1760.0 188
174.7485 1764.0 188
175.3857 1767.0 188
176.0284 1762.0 188
176.6711 1766.0 188
177.2919 1775.0 188
177.9346 1777.0 188
178.5773 1777.0 188
179.2145 1781.0 188
179.8407 1785.0 188
180.4834 1798.0 188
181.1206 1806.0 188
181.7633 1799.0 188
182.3895 1812.0 188
183.0267 1803.0 188
183.6694 1812.0 188
184.3121 1819.0 188
184.9329 1825.0 188
185.5756 1837.0 188
186.2183 1846.0 188
186.8555 1851.0 188
187.4817 1855.0 188
188.1244 1861.0 188
188.7616 1860.0 188
189.4043 1876.0 188
189.9042 1892.0 188
190.6677 1892.0 188
191.3104 1900.0 188
191.8268 1906.0 188
192.4640 1920.0 188
193.1067 1922.0 188
193.8702 1940.0 188
194.3866 1947.0 188
195.0293 1965.0 188
205.3564 192.0 188
205.9991 192.0 188
202.0770 2087.0 188
202.7142 2110.0 188
203.3569 2124.0 188
203.9996 2142.0 188
204.6368 2164.0 188
205.2795 2166.0 188
205.9167 2155.0 188
212.8436 2469.0 188
213.4808 2468.0 188
214.1235 2495.0 188
214.7607 2516.0 188
215.4034 2534.0 188
216.0461 2579.0 188
216.6833 2605.0 188
217.3260 2633.0 188
217.9688 2674.0 188
218.6060 2691.0 188
219.2487 2737.0 188
219.8859 2777.0 188
220.5286 2808.0 188
221.1713 2857.0 188
221.6821 2889.0 188
222.3413 2930.0 188
222.9840 2979.0 188
223.6212 3021.0 188
224.2639 3076.0 188
224.9011 3116.0 188
225.5438 3176.0 188
226.1865 3229.0 188
226.8237 3277.0 188
227.4664 3339.0 188
228.1091 3398.0 188
228.7463 3461.0 188
229.3890 3529.0 188
230.0262 3602.0 188
230.6689 3673.0 188
231.1853 3773.0 188
231.7017 6462.0 188
232.3553 6408.0 188
232.9980 6404.0 188
233.6353 6450.0 188
234.2780 6564.0 188
236.2006 7581.0 188
236.8433 7560.0 188
237.4805 7586.0 188
238.1232 7640.0 188
239.4031 8748.0 188
240.0458 8720.0 188
240.6830 8769.0 188
241.3257 8834.0 188
241.9684 8741.0 188
242.6056 8727.0 188
243.8855 8798.0 188
244.5282 8798.0 188
245.1709 8734.0 188
245.8081 8692.0 188
246.4508 8671.0 188
247.0935 8727.0 188
276.5588 6560.0 188
277.2015 6552.0 188
277.8278 6366.0 188
278.4650 6202.0 188
279.0912 6073.0 188
279.7339 6087.0 188
280.3546 6149.0 188
282.3871 5313.0 188
283.0133 5156.0 188
283.6560 5016.0 188
284.2932 4901.0 188
284.9194 4776.0 188
285.5621 4675.0 188
286.1829 4553.0 188
286.8256 4473.0 188
287.4518 4390.0 188
288.0890 4297.0 188
288.7152 4236.0 188
289.3579 4130.0 188
289.9841 4050.0 188
290.6213 3974.0 188
291.2476 3891.0 188
292.0111 3812.0 188
292.5110 3777.0 188
293.2800 3708.0 188
293.9172 3650.0 188
294.5435 3592.0 188
295.1862 3537.0 188
295.8234 3502.0 188
296.4661 3451.0 188
297.1088 3400.0 188
297.7295 3327.0 188
298.3722 3296.0 188
299.0149 3247.0 188
299.6521 3200.0 188
300.2948 3170.0 188
300.9210 3134.0 188
301.5582 3092.0 188
302.2009 3053.0 188
302.8436 3030.0 188
303.4808 3007.0 188
304.1235 2971.0 188
304.7498 2938.0 188
305.3870 2904.0 188
306.1560 2868.0 188
306.7932 2842.0 188
307.4359 2813.0 188
308.0621 2781.0 188
308.6993 2757.0 188
309.3420 2740.0 188
309.9792 2715.0 188
310.6219 2685.0 188
311.2482 2661.0 188
311.8854 2651.0 188
312.5281 2607.0 188
313.1708 2592.0 188
313.8080 2579.0 188
314.4507 2566.0 188
315.0769 2529.0 188
315.7141 2519.0 188
316.3403 2506.0 188
316.9830 2496.0 188
317.6202 2473.0 188
318.2465 2447.0 188
318.8892 2438.0 188
319.5264 2420.0 188
320.1526 2407.0 188
320.9216 2384.0 188
321.5588 2378.0 188
322.0587 2368.0 188
322.7014 2348.0 188
323.4650 2338.0 188
324.0912 2329.0 188
324.7339 2313.0 188
325.3711 2297.0 188
325.8710 2292.0 188
326.6400 2289.0 188
327.2772 2276.0 188
327.9034 2269.0 188
328.4198 2265.0 188
329.1833 2250.0 188
329.8096 2244.0 188
330.4523 2234.0 188
331.0895 2224.0 188
331.7157 2219.0 188
332.3584 2212.0 188
332.9956 2212.0 188
333.6218 2195.0 188
334.2645 2182.0 188
334.9017 2181.0 188
335.5280 2172.0 188
336.1707 2167.0 188
336.8079 2163.0 188
337.4506 2165.0 188
338.0933 2155.0 188
338.7140 2144.0 188
339.3567 2144.0 188
339.9994 2268.0 188
340.5103 2419.0 188
341.1530 2611.0 188
341.7792 2827.0 188
342.2955 3093.0 188
342.9327 3415.0 188
343.5754 3845.0 188
344.7290 4343.0 188
345.4816 3866.0 188
356.9348 153.0 188
357.5775 149.0 188
358.2147 148.0 188
