#RPLIDAR SCAN DATA
#COUNT=360
#Angule	Distance	Quality
12.2168 6500.0 188
12.8540 6245.0 188
13.4967 6073.0 188
14.1394 5976.0 188
14.7656 5772.0 188
19.3414 4310.0 188
19.9841 4757.0 188
20.6049 4708.0 188
21.2476 4649.0 188
21.8903 4538.0 188
22.5110 4477.0 188
23.1537 4404.0 188
23.7964 4320.0 188
24.4336 4236.0 188
25.0763 4158.0 188
25.7135 4084.0 188
26.3562 4021.0 188
27.1198 3957.0 188
27.7625 3895.0 188
28.4052 3838.0 188
29.0424 3785.0 188
29.6851 3728.0 188
30.3278 3667.0 188
30.9650 3619.0 188
31.6077 3573.0 188
32.2449 3525.0 188
32.8876 3460.0 188
33.5303 3424.0 188
34.1675 3394.0 188
34.8267 3351.0 188
35.4639 3308.0 188
36.1066 3271.0 188
36.7493 3242.0 188
37.3865 3193.0 188
38.0292 3178.0 188
38.6719 3118.0 188
39.3091 3095.0 188
39.9518 3080.0 188
40.5890 3102.0 188
41.2317 3134.0 188
41.8744 3176.0 188
42.5116 3224.0 188
43.1543 3257.0 188
43.7915 3313.0 188
44.4342 3358.0 188
45.0934 3395.0 188
45.7141 3459.0 188
46.3568 3500.0 188
46.9995 3583.0 188
47.6367 3630.0 188
48.2794 3687.0 188
48.9166 3747.0 188
49.5593 3820.0 188
50.0757 3872.0 188
50.7184 3953.0 188
51.3556 4011.0 188
51.9983 4089.0 188
52.6355 4179.0 188
53.2782 4271.0 188
53.9209 4375.0 188
57.1069 4294.0 188
57.7496 4308.0 188
58.3868 4285.0 188
59.0295 4261.0 188
59.6667 4266.0 188
61.5894 4677.0 188
95.3119 381.0 188
100.4205 367.0 188
101.0577 356.0 188
102.0740 348.0 188
102.5739 344.0 188
112.7966 365.0 188
113.2965 363.0 188
113.9337 361.0 188
114.7028 361.0 188
115.2136 362.0 188
115.4828 365.0 188
116.1090 367.0 188
117.1198 370.0 188
117.6361 374.0 188
117.9053 381.0 188
118.6523 389.0 188
119.1687 395.0 188
119.9323 401.0 188
120.3278 406.0 188
121.0913 409.0 188
121.4648 414.0 188
121.9812 419.0 188
122.6239 423.0 188
123.3875 425.0 188
124.1400 426.0 188
124.9036 428.0 188
125.1672 426.0 188
125.8099 423.0 188
126.5735 418.0 188
127.3260 412.0 188
127.9688 404.0 188
128.8586 400.0 188
129.4958 399.0 188
129.8859 399.0 188
130.7648 399.0 188
131.4020 399.0 188
131.9183 399.0 188
132.5610 401.0 188
133.3246 403.0 188
133.7146 406.0 188
134.2310 410.0 188
134.8737 418.0 188
140.0757 311.0 188
140.8392 308.0 188
141.3556 308.0 188
142.3553 306.0 188
142.7454 296.0 188
143.3881 294.0 188
144.5306 295.0 188
144.7943 298.0 188
145.8435 336.0 188
148.7164 1998.0 188
149.3591 1970.0 188
150.1227 1964.0 188
150.6226 1953.0 188
151.2653 1944.0 188
151.9025 1937.0 188
152.5452 1935.0 188
153.2922 1913.0 188
153.8086 1910.0 188
154.5776 1914.0 188
155.0885 1904.0 188
155.8411 1898.0 188
156.4838 1894.0 188
157.1210 1886.0 188
157.6373 1878.0 188
158.3899 1881.0 188
159.0271 1869.0 188
159.5435 1868.0 188
160.3125 1862.0 188
160.9332 1859.0 188
161.5759 1858.0 188
162.2186 1854.0 188
162.8558 1851.0 188
163.4821 1851.0 188
164.1248 1840.0 188
164.7620 1842.0 188
165.4047 1843.0 188
166.0309 1835.0 188
166.6681 1833.0 188
167.3108 1828.0 188
167.9480 1824.0 188
168.5742 1832.0 188
169.2169 1828.0 188
169.8541 1818.0 188
170.4968 1817.0 188
171.1395 1818.0 188
171.7767 1824.0 188
172.4194 1829.0 188
173.0621 1818.0 188
173.6993 1828.0 188
174.3420 1826.0 188
174.9792 1827.0 188
175.6219 1825.0 188
176.2646 1828.0 188
176.9019 1832.0 188
177.5446 1838.0 188
178.1873 1836.0 188
178.8080 1836.0 188
179.4507 1849.0 188
180.0934 1846.0 188
180.7306 1852.0 188
181.3733 1851.0 188
182.0105 1856.0 188
182.6532 1857.0 188
183.2959 1857.0 188
183.9331 1860.0 188
184.5758 1863.0 188
185.2185 1868.0 188
185.8557 1869.0 188
186.4984 1882.0 188
187.1356 1892.0 188
187.6520 1897.0 188
188.4210 1918.0 188
189.0417 1902.0 188
189.5581 1910.0 188
190.2008 1929.0 188
190.8435 1936.0 188
191.4807 1940.0 188
192.1234 1945.0 188
192.7606 1949.0 188
193.5297 1964.0 188
194.0460 1976.0 188
194.6832 1977.0 188
204.9994 191.0 188
205.6366 191.0 188
206.2793 187.0 188
202.3407 2099.0 188
202.9834 2118.0 188
203.6206 2141.0 188
204.2633 2156.0 188
204.9060 2167.0 188
205.5432 2166.0 188
206.1859 2145.0 188
212.4646 2443.0 188
213.1073 2443.0 188
213.7500 2439.0 188
214.3872 2455.0 188
215.0299 2500.0 188
215.6671 2516.0 188
216.3098 2529.0 188
216.9525 2573.0 188
217.5897 2599.0 188
218.2324 2624.0 188
218.8696 2669.0 188
219.5123 2688.0 188
220.1550 2709.0 188
220.7922 2747.0 188
221.4349 2787.0 188
222.0776 2813.0 188
222.7148 2859.0 188
223.3575 2903.0 188
223.8739 2938.0 188
224.5111 2983.0 188
225.1538 3024.0 188
225.7965 3078.0 188
226.4337 3118.0 188
227.0764 3160.0 188
227.7136 3221.0 188
228.3563 3274.0 188
228.9990 3319.0 188
229.6198 3389.0 188
230.2625 3442.0 188
230.9052 3508.0 188
231.5424 3564.0 188
233.8550 6252.0 188
234.4977 6231.0 188
235.1404 6242.0 188
235.7776 6378.0 188
238.3429 7364.0 188
238.9801 7359.0 188
239.6228 7384.0 188
241.5454 8500.0 188
242.1826 8513.0 188
242.8253 8500.0 188
243.4680 8664.0 188
244.1052 8643.0 188
244.7479 8622.0 188
245.3906 8534.0 188
246.0278 8622.0 188
246.6705 8534.0 188
247.3077 8567.0 188
247.9504 8480.0 188
248.5931 8480.0 188
249.2303 8480.0 188
251.7627 8629.0 188
252.4054 8622.0 188
253.0426 8588.0 188
279.7174 6382.0 188
280.3546 6389.0 188
280.9808 6115.0 188
281.6235 6006.0 188
282.2498 5885.0 188
282.8870 5844.0 188
283.5132 5882.0 188
285.5457 5070.0 188
286.1719 4988.0 188
286.8091 4823.0 188
287.4353 4700.0 188
288.0780 4577.0 188
288.6987 4497.0 188
289.3414 4412.0 188
289.9841 4313.0 188
290.6049 4227.0 188
291.2476 4133.0 188
291.8903 4039.0 188
292.5275 3950.0 188
293.1702 3878.0 188
293.8074 3814.0 188
294.4501 3758.0 188
295.2136 3699.0 188
295.8398 3628.0 188
296.4825 3565.0 188
297.1198 3515.0 188
297.7625 3467.0 188
298.4052 3411.0 188
299.0424 3365.0 188
299.6851 3300.0 188
300.3278 3268.0 188
300.9485 3224.0 188
301.5912 3174.0 188
302.2339 3134.0 188
302.8711 3097.0 188
303.5138 3053.0 188
304.1510 3024.0 188
304.7937 2998.0 188
305.4364 2962.0 188
306.0571 2918.0 188
306.8262 2892.0 188
307.3425 2849.0 188
308.1061 2830.0 188
308.7488 2794.0 188
309.3860 2769.0 188
310.0287 2747.0 188
310.6714 2719.0 188
311.2921 2681.0 188
311.9348 2666.0 188
312.5610 2637.0 188
313.1982 2611.0 188
313.8245 2595.0 188
314.4672 2576.0 188
315.0934 2533.0 188
315.7306 2521.0 188
316.3733 2505.0 188
316.9995 2498.0 188
317.6367 2469.0 188
318.2629 2448.0 188
318.9056 2436.0 188
319.5264 2415.0 188
320.1691 2402.0 188
320.9326 2379.0 188
321.4325 2373.0 188
322.0752 2366.0 188
322.8278 2340.0 188
323.3386 2319.0 188
324.0912 2312.0 188
324.6075 2292.0 188
325.3546 2288.0 188
325.9973 2273.0 188
326.6400 2291.0 188
327.1399 2257.0 188
327.9034 2234.0 188
328.5297 2228.0 188
329.1669 2218.0 188
329.7931 2217.0 188
330.4358 2206.0 188
331.0730 2184.0 188
331.6992 2176.0 188
332.3419 2169.0 188
332.9791 2164.0 188
333.6218 2161.0 188
334.2480 2156.0 188
334.8853 2151.0 188
335.5280 2137.0 188
336.1707 2127.0 188
336.7969 2120.0 188
337.4341 2117.0 188
338.0768 2111.0 188
338.7140 2108.0 188
339.3402 2107.0 188
339.9829 2102.0 188
340.6201 2089.0 188
341.2628 2081.0 188
341.8890 2084.0 188
342.5262 2084.0 188
343.1689 2077.0 188
343.8116 2076.0 188
344.4324 2072.0 188
345.0751 2074.0 188
345.7178 2069.0 188
346.3550 2068.0 188
346.9812 2092.0 188
357.5446 148.0 188
358.1873 148.0 188
