#RPLIDAR SCAN DATA
#COUNT=358
#Angule	Distance	Quality
356.1713 2145.0 188
356.8085 2137.0 188
357.4512 2139.0 188
358.0884 2131.0 188
358.7311 2129.0 188
359.3738 2119.0 188
0.0110 2115.0 188
0.6537 2101.0 188
1.2964 2069.0 188
9.5746 2140.0 188
10.2173 2111.0 188
10.8545 2089.0 188
11.4807 2088.0 188
12.1234 2089.0 188
12.7496 2087.0 188
13.3868 2096.0 188
14.0295 2097.0 188
14.6558 2092.0 188
15.2930 2095.0 188
15.9192 2095.0 188
16.5619 2107.0 188
17.1991 2109.0 188
17.8253 2112.0 188
18.4680 2108.0 188
19.0887 2116.0 188
19.7314 2115.0 188
20.3741 2116.0 188
20.9949 2125.0 188
21.6376 2138.0 188
22.2638 2131.0 188
22.9010 2151.0 188
23.5437 2158.0 188
24.1699 2160.0 188
24.8071 2161.0 188
31.3715 7909.0 188
32.0142 7727.0 188
32.6514 7560.0 188
33.2941 7265.0 188
33.9478 7150.0 188
34.5905 7070.0 188
35.2332 6812.0 188
35.8704 6669.0 188
36.5295 6493.0 188
37.1667 6408.0 188
37.8094 6213.0 188
38.4521 6128.0 188
39.1058 5979.0 188
41.1548 5313.0 188
42.4512 5072.0 188
43.0884 4983.0 188
44.3903 4657.0 188
45.0275 5013.0 188
45.6702 5039.0 188
46.3074 5002.0 188
46.9666 4922.0 188
47.6093 4861.0 188
48.2465 4791.0 188
48.8892 4706.0 188
49.5428 4659.0 188
50.1855 4591.0 188
50.8228 4547.0 188
51.4655 4482.0 188
52.1246 4421.0 188
52.7618 4364.0 188
53.4045 4327.0 188
54.0417 4289.0 188
54.7009 4215.0 188
55.3436 4163.0 188
55.9808 4137.0 188
56.6235 4105.0 188
57.2772 4040.0 188
57.9199 3996.0 188
58.5571 3953.0 188
59.3262 3912.0 188
59.9799 3875.0 188
60.6226 3841.0 188
61.1389 3822.0 188
61.9025 3775.0 188
62.5616 3749.0 188
63.1989 3728.0 188
63.8416 3689.0 188
64.4843 3658.0 188
65.1379 3628.0 188
101.9806 322.0 188
102.8705 324.0 188
115.2136 350.0 188
115.7300 347.0 188
116.7462 346.0 188
117.2626 348.0 188
117.7789 354.0 188
118.1689 361.0 188
118.8116 367.0 188
119.4489 371.0 188
119.7180 375.0 188
120.7343 378.0 188
121.1243 381.0 188
121.6406 385.0 188
122.6678 388.0 188
123.1842 391.0 188
123.7006 395.0 188
124.2169 398.0 188
124.8541 400.0 188
125.4968 402.0 188
126.0132 404.0 188
126.5295 405.0 188
127.2931 405.0 188
127.9358 405.0 188
128.6993 405.0 188
129.3420 402.0 188
130.2319 395.0 188
130.9955 390.0 188
131.2646 387.0 188
131.9019 384.0 188
132.9346 381.0 188
133.5608 381.0 188
134.1980 382.0 188
134.5935 385.0 188
135.1044 390.0 188
141.2018 309.0 188
141.3391 307.0 188
142.3389 309.0 188
143.3551 296.0 188
143.7451 293.0 188
143.8879 295.0 188
144.9042 298.0 188
145.8105 333.0 188
148.7000 2369.0 188
149.3427 2332.0 188
149.8590 2309.0 188
150.4962 2299.0 188
151.1389 2272.0 188
151.9025 2249.0 188
152.5452 2239.0 188
153.1824 2217.0 188
153.8416 2194.0 188
154.4843 2184.0 188
155.1215 2162.0 188
155.7642 2151.0 188
156.4014 2134.0 188
157.0605 2117.0 188
157.6978 2103.0 188
158.3405 2082.0 188
158.9832 2078.0 188
159.6204 2058.0 188
160.2795 2051.0 188
160.9167 2035.0 188
161.5594 2012.0 188
162.2021 2009.0 188
162.8394 2005.0 188
163.4821 1987.0 188
164.1357 1984.0 188
164.9048 1964.0 188
165.4211 1960.0 188
166.0583 1951.0 188
166.7010 1941.0 188
167.3547 1933.0 188
168.1238 1927.0 188
168.6401 1908.0 188
169.4037 1913.0 188
169.9200 1897.0 188
170.7001 1886.0 188
171.3263 1891.0 188
171.9635 1888.0 188
172.4799 1879.0 188
173.2489 1864.0 188
173.8861 1860.0 188
174.4025 1858.0 188
175.1550 1854.0 188
175.7922 1850.0 188
176.4349 1839.0 188
177.0776 1834.0 188
177.7148 1833.0 188
178.3575 1834.0 188
178.9838 1817.0 188
179.6210 1814.0 188
180.2637 1813.0 188
180.9009 1805.0 188
181.5436 1805.0 188
182.1863 1798.0 188
182.8235 1807.0 188
183.4497 1796.0 188
184.0924 1795.0 188
184.7296 1800.0 188
185.3723 1792.0 188
186.0150 1795.0 188
186.6522 1790.0 188
187.2784 1790.0 188
187.9211 1779.0 188
188.5583 1790.0 188
189.2010 1783.0 188
189.8438 1781.0 188
190.4810 1790.0 188
191.1237 1784.0 188
191.7609 1783.0 188
192.4036 1789.0 188
193.0463 1792.0 188
193.6835 1783.0 188
194.3262 1791.0 188
194.9634 1800.0 188
205.1697 191.0 188
205.8124 192.0 188
202.0276 1803.0 188
202.6703 1832.0 188
203.3075 1832.0 188
203.9502 1859.0 188
204.5929 1850.0 188
205.2301 1841.0 188
205.8728 1831.0 188
212.1680 1960.0 188
212.8107 1978.0 188
213.4479 1958.0 188
214.0906 1963.0 188
214.7498 1966.0 188
215.3870 2000.0 188
216.0297 1987.0 188
216.6669 2006.0 188
217.3096 2013.0 188
217.9688 2020.0 188
218.6060 2038.0 188
219.2487 2052.0 188
219.8859 2062.0 188
220.5450 2068.0 188
221.1823 2098.0 188
221.8250 2104.0 188
222.4677 2118.0 188
223.1049 2128.0 188
223.7640 2151.0 188
224.4012 2163.0 188
225.0439 2176.0 188
225.6866 2196.0 188
226.3403 2204.0 188
226.9830 2232.0 188
227.4994 2248.0 188
228.2629 2269.0 188
228.9056 2288.0 188
229.4330 2307.0 188
230.0757 2323.0 188
230.8392 2361.0 188
231.4819 2379.0 188
232.0148 2392.0 188
232.6520 2430.0 188
233.2947 2445.0 188
233.9374 2461.0 188
234.5746 2503.0 188
235.2173 2524.0 188
235.8545 2554.0 188
236.4972 2588.0 188
237.1399 2610.0 188
237.7771 2639.0 188
238.4198 2679.0 188
239.0625 2705.0 188
239.6997 2744.0 188
240.3424 2774.0 188
240.9796 2808.0 188
241.6223 2861.0 188
242.1552 2889.0 188
242.7924 2937.0 188
243.4351 2975.0 188
244.5886 4823.0 188
245.2313 5211.0 188
248.4338 5646.0 188
249.0765 5708.0 188
249.7137 5696.0 188
250.2301 5672.0 188
250.9991 5714.0 188
251.5155 5828.0 188
254.7290 6790.0 188
255.3717 6744.0 188
256.0144 6786.0 188
258.5907 7828.0 188
259.2334 7834.0 188
259.8706 7949.0 188
260.5133 7943.0 188
261.1560 7874.0 188
261.7932 7909.0 188
262.4524 7828.0 188
263.0896 7897.0 188
263.7323 7914.0 188
264.3750 7851.0 188
265.0122 7834.0 188
265.6549 7817.0 188
266.2921 7789.0 188
266.9348 7789.0 188
293.7305 8561.0 188
295.0104 7722.0 188
296.2958 7212.0 188
299.6246 5687.0 188
300.2618 5705.0 188
300.9045 5732.0 188
301.5417 5608.0 188
302.1844 5433.0 188
302.8271 5292.0 188
303.4644 5324.0 188
304.0906 5267.0 188
304.7333 5295.0 188
306.6559 5032.0 188
307.9358 4505.0 188
308.5730 4317.0 188
309.2157 4234.0 188
309.8584 4138.0 188
310.4956 4062.0 188
311.1383 3990.0 188
311.7810 3886.0 188
312.4182 3825.0 188
313.1873 3766.0 188
313.8245 3698.0 188
314.4672 3634.0 188
315.1044 3579.0 188
315.7471 3514.0 188
316.3898 3474.0 188
317.0270 3411.0 188
317.6697 3370.0 188
318.3124 3317.0 188
318.9496 3274.0 188
319.5923 3231.0 188
320.2295 3185.0 188
320.8722 3138.0 188
321.5149 3099.0 188
322.1521 3080.0 188
322.7948 3036.0 188
323.4375 3012.0 188
324.0747 2973.0 188
324.8438 2943.0 188
325.3546 2910.0 188
326.1237 2878.0 188
326.6400 2852.0 188
327.4036 2812.0 188
328.0463 2780.0 188
328.6835 2754.0 188
329.3262 2732.0 188
329.9634 2712.0 188
330.6061 2684.0 188
331.2488 2660.0 188
331.8860 2636.0 188
332.5287 2607.0 188
333.1714 2594.0 188
333.8086 2576.0 188
334.4513 2551.0 188
335.0775 2522.0 188
335.7147 2507.0 188
336.3574 2502.0 188
336.9946 2472.0 188
337.6373 2461.0 188
338.2800 2449.0 188
338.9063 2432.0 188
339.5435 2412.0 188
340.1862 2387.0 188
340.8234 2376.0 188
341.4661 2355.0 188
342.1088 2348.0 188
342.8558 2341.0 188
343.4985 2329.0 188
344.0149 2320.0 188
344.7784 2296.0 188
345.4211 2284.0 188
346.0583 2273.0 188
346.7010 2274.0 188
357.2644 153.0 188
