#RPLIDAR SCAN DATA
#COUNT=355
#Angule	Distance	Quality
356.0614 2143.0 188
356.6986 2129.0 188
357.3248 2139.0 188
357.9675 2129.0 188
358.5938 2129.0 188
359.2310 2122.0 188
359.8572 2114.0 188
0.4999 2100.0 188
1.1206 2077.0 188
9.3549 2150.0 188
9.9976 2122.0 188
10.6238 2100.0 188
11.2610 2086.0 188
11.8872 2085.0 188
12.5299 2090.0 188
13.1561 2099.0 188
13.7933 2093.0 188
14.4196 2095.0 188
15.0623 2094.0 188
15.6995 2094.0 188
16.3257 2100.0 188
16.9684 2110.0 188
17.6056 2111.0 188
18.2318 2113.0 188
18.8745 2112.0 188
19.5117 2125.0 188
20.1544 2125.0 188
20.7806 2122.0 188
21.4178 2130.0 188
22.0605 2136.0 188
22.6868 2142.0 188
23.3240 2141.0 188
23.9667 2154.0 188
24.6094 2158.0 188
25.2301 2179.0 188
29.8279 8534.0 188
32.3712 7608.0 188
33.6401 7241.0 188
34.2773 7084.0 188
34.9200 6997.0 188
35.5573 6761.0 188
36.1835 6640.0 188
36.8262 6462.0 188
37.4634 6385.0 188
38.0896 6156.0 188
38.7323 6067.0 188
39.3750 5726.0 188
40.7648 5398.0 188
41.4020 5277.0 188
42.6709 5055.0 188
43.3081 4942.0 188
43.9343 4744.0 188
44.5770 4677.0 188
45.2142 5039.0 188
45.8569 5020.0 188
46.4832 4965.0 188
47.1204 4915.0 188
47.7631 4834.0 188
48.3893 4761.0 188
49.0265 4700.0 188
49.6692 4641.0 188
50.2954 4575.0 188
50.9326 4518.0 188
51.5753 4471.0 188
52.2015 4423.0 188
52.8387 4355.0 188
53.4814 4315.0 188
54.1077 4273.0 188
54.7449 4215.0 188
55.3876 4161.0 188
56.0303 4143.0 188
56.6510 4086.0 188
57.2937 4022.0 188
57.9364 3989.0 188
58.5736 3992.0 188
95.3394 381.0 188
95.9821 380.0 188
96.3556 380.0 188
97.2455 381.0 188
98.0145 376.0 188
111.7310 411.0 188
111.9946 407.0 188
112.8900 403.0 188
113.5107 402.0 188
114.1534 403.0 188
114.7961 405.0 188
115.4169 409.0 188
115.9332 413.0 188
116.3232 419.0 188
117.2021 431.0 188
117.7185 439.0 188
118.1085 445.0 188
118.9819 447.0 188
119.4983 449.0 188
120.1355 450.0 188
120.7617 451.0 188
121.2781 450.0 188
122.1680 449.0 188
122.4207 447.0 188
123.4369 444.0 188
123.9478 442.0 188
124.7168 442.0 188
125.0903 441.0 188
126.1066 442.0 188
126.2494 444.0 188
126.9965 449.0 188
128.2928 542.0 188
128.9191 557.0 188
131.2482 3395.0 188
131.8854 3383.0 188
135.0769 3034.0 188
135.7031 3004.0 188
136.3403 2976.0 188
136.9830 2929.0 188
137.6202 2852.0 188
143.5144 293.0 188
144.2615 292.0 188
144.7778 287.0 188
145.4205 285.0 188
146.6675 284.0 188
146.8103 282.0 188
148.0737 281.0 188
148.0737 283.0 188
149.2163 286.0 188
153.1055 2230.0 188
153.7317 2206.0 188
154.3744 2202.0 188
154.9951 2167.0 188
155.6378 2152.0 188
156.2805 2126.0 188
156.9012 2117.0 188
157.5439 2104.0 188
158.1866 2097.0 188
158.8074 2081.0 188
159.4501 2060.0 188
160.0763 2053.0 188
160.7135 2044.0 188
161.3562 2023.0 188
161.9824 2011.0 188
162.6196 2006.0 188
163.2623 1988.0 188
163.8885 1990.0 188
164.6521 1974.0 188
165.1520 1964.0 188
165.7947 1951.0 188
166.4374 1939.0 188
167.0581 1934.0 188
167.8271 1923.0 188
168.4644 1908.0 188
169.0906 1906.0 188
169.7333 1896.0 188
170.3540 1889.0 188
170.8704 1887.0 188
171.6394 1880.0 188
172.2656 1885.0 188
172.9028 1876.0 188
173.5455 1864.0 188
174.0454 1862.0 188
174.8090 1856.0 188
175.4352 1854.0 188
176.0779 1846.0 188
176.7151 1839.0 188
177.3413 1832.0 188
177.9840 1822.0 188
178.6212 1821.0 188
179.2474 1820.0 188
179.8901 1813.0 188
180.5273 1815.0 188
181.1700 1810.0 188
181.8073 1799.0 188
182.4335 1798.0 188
183.0762 1798.0 188
183.7134 1792.0 188
184.3561 1794.0 188
184.9988 1795.0 188
185.6250 1790.0 188
186.2622 1792.0 188
186.9049 1787.0 188
187.5421 1792.0 188
188.1848 1792.0 188
188.8275 1792.0 188
189.4482 1782.0 188
190.0909 1777.0 188
190.7336 1782.0 188
191.3708 1797.0 188
192.0135 1789.0 188
192.6398 1792.0 188
193.2770 1792.0 188
193.9197 1793.0 188
194.5624 1793.0 188
195.1996 1799.0 188
205.3894 191.0 188
206.0266 192.0 188
202.1979 1820.0 188
202.8406 1831.0 188
203.4833 1838.0 188
204.1040 1868.0 188
204.7467 1848.0 188
205.3894 1839.0 188
206.0156 1821.0 188
212.2614 1971.0 188
212.8876 1976.0 188
213.5303 1960.0 188
214.1675 1964.0 188
214.7937 1968.0 188
215.4364 1985.0 188
216.0736 1988.0 188
216.7163 2007.0 188
217.3425 2012.0 188
217.9797 2021.0 188
218.6224 2036.0 188
219.2651 2052.0 188
219.8859 2061.0 188
220.5286 2068.0 188
221.1713 2087.0 188
221.8085 2106.0 188
222.4512 2115.0 188
223.0884 2136.0 188
223.7311 2150.0 188
224.3738 2164.0 188
225.0110 2182.0 188
225.6537 2194.0 188
226.2799 2209.0 188
226.9171 2230.0 188
227.4335 2248.0 188
228.2025 2269.0 188
228.8397 2283.0 188
229.4824 2305.0 188
229.9988 2321.0 188
230.6360 2347.0 188
231.2787 2374.0 188
231.9214 2390.0 188
232.5586 2406.0 188
233.1848 2438.0 188
233.8275 2460.0 188
234.4647 2499.0 188
235.1074 2518.0 188
235.7446 2545.0 188
236.3873 2577.0 188
237.0300 2604.0 188
237.6672 2630.0 188
238.3099 2674.0 188
238.9526 2692.0 188
239.5898 2726.0 188
240.2161 2763.0 188
240.8588 2804.0 188
241.4795 2839.0 188
242.1222 2868.0 188
242.7484 2911.0 188
243.3856 2964.0 188
243.8855 3013.0 188
244.4019 4797.0 188
245.0446 5191.0 188
245.6708 5303.0 188
248.2031 5613.0 188
248.8403 5702.0 188
249.3567 5726.0 188
250.1093 5699.0 188
250.7465 5687.0 188
251.2463 5769.0 188
254.4214 6769.0 188
255.0586 6786.0 188
255.6848 6735.0 188
256.3275 6956.0 188
258.2172 7828.0 188
258.8544 7862.0 188
259.4971 7828.0 188
260.1233 7885.0 188
260.7605 7932.0 188
261.3867 7914.0 188
262.0294 7845.0 188
262.6666 7845.0 188
263.2928 7891.0 188
263.9355 7868.0 188
264.5728 7806.0 188
265.1990 7823.0 188
265.8417 7806.0 188
266.4679 7778.0 188
293.7634 8534.0 188
295.0433 7705.0 188
296.3123 7221.0 188
299.6082 5669.0 188
300.2454 5684.0 188
300.8716 5711.0 188
301.5143 5573.0 188
302.1405 5444.0 188
302.7777 5298.0 188
303.4204 5318.0 188
304.0466 5272.0 188
304.6838 5292.0 188
305.3265 5267.0 188
306.5900 5034.0 188
307.8589 4486.0 188
308.4961 4315.0 188
309.1223 4229.0 188
309.7650 4143.0 188
310.4022 4064.0 188
311.0284 3989.0 188
311.6711 3914.0 188
312.4182 3818.0 188
313.0609 3770.0 188
313.6981 3714.0 188
314.3243 3644.0 188
314.9670 3594.0 188
315.6042 3538.0 188
316.2305 3493.0 188
316.8732 3442.0 188
317.4994 3374.0 188
318.1366 3334.0 188
318.7793 3287.0 188
319.4055 3233.0 188
320.0427 3205.0 188
320.6854 3162.0 188
321.3116 3117.0 188
321.9489 3080.0 188
322.5751 3046.0 188
323.2178 3017.0 188
323.8385 2992.0 188
324.4812 2950.0 188
325.1239 2919.0 188
325.8710 2891.0 188
326.5137 2860.0 188
327.1399 2828.0 188
327.7771 2798.0 188
328.4198 2768.0 188
329.0460 2743.0 188
329.6832 2719.0 188
330.3094 2690.0 188
330.9521 2674.0 188
331.5894 2651.0 188
332.2156 2615.0 188
332.8583 2602.0 188
333.4790 2582.0 188
334.1217 2566.0 188
334.7644 2528.0 188
335.3906 2518.0 188
336.0278 2503.0 188
336.6541 2481.0 188
337.2968 2470.0 188
337.9340 2449.0 188
338.5602 2439.0 188
339.2029 2429.0 188
339.8236 2403.0 188
340.4663 2382.0 188
341.1090 2374.0 188
341.8561 2370.0 188
342.3724 2356.0 188
343.1250 2332.0 188
343.7622 2313.0 188
344.3884 2305.0 188
345.0311 2289.0 188
345.6683 2283.0 188
346.2946 2280.0 188
346.8109 2299.0 188
357.4841 148.0 188
