#RPLIDAR SCAN DATA
#COUNT=775
#Angule	Distance	Quality
356.5448 1546.0 188
356.8579 1542.0 188
357.1875 1530.0 188
357.4951 1536.0 188
357.8247 1548.0 188
358.1378 1544.0 188
358.4674 1544.0 188
358.7805 1540.0 188
359.0936 1538.0 188
359.4177 1538.0 188
359.7308 1538.0 188
0.0604 1540.0 188
0.3735 1534.0 188
0.7031 1526.0 188
1.0107 1516.0 188
1.3403 1508.0 188
1.6534 1502.0 188
9.6515 1530.0 188
9.9646 1558.0 188
10.2942 1548.0 188
10.6073 1542.0 188
10.9204 1536.0 188
11.2500 1532.0 188
11.5576 1526.0 188
11.8872 1522.0 188
12.2003 1524.0 188
12.5134 1530.0 188
12.8430 1530.0 188
13.1561 1524.0 188
13.4802 1526.0 188
13.7933 1524.0 188
14.1064 1526.0 188
14.4360 1530.0 188
14.7491 1534.0 188
15.0732 1532.0 188
15.3864 1532.0 188
15.6995 1532.0 188
16.0291 1536.0 188
16.3422 1534.0 188
16.6718 1534.0 188
16.9794 1540.0 188
17.2925 1542.0 188
17.6221 1546.0 188
17.9352 1546.0 188
18.2648 1546.0 188
18.5779 1548.0 188
18.9020 1548.0 188
19.2151 1548.0 188
19.5282 1548.0 188
19.8578 1550.0 188
20.1709 1554.0 188
20.4950 1536.0 188
20.8081 1544.0 188
21.1212 1570.0 188
21.4508 1568.0 188
21.7639 1568.0 188
22.0935 1572.0 188
22.4011 1572.0 188
22.7142 1574.0 188
23.0438 1576.0 188
23.3569 1580.0 188
23.6865 1584.0 188
23.9996 1588.0 188
24.3073 1590.0 188
24.6368 1592.0 188
24.9500 1592.0 188
25.2795 1592.0 188
25.5927 1598.0 188
25.9058 1604.0 188
26.2299 1602.0 188
26.5430 1606.0 188
26.8726 1614.0 188
27.1857 1616.0 188
27.4988 1616.0 188
27.8229 1622.0 188
28.1360 1626.0 188
28.4656 1624.0 188
28.7787 1628.0 188
29.1083 1630.0 188
29.4214 1632.0 188
29.7290 1638.0 188
30.0586 1640.0 188
30.3717 1646.0 188
30.7013 1652.0 188
31.0144 1652.0 188
31.3275 1656.0 188
31.6516 1658.0 188
31.9647 1662.0 188
32.2943 1666.0 188
32.6074 1672.0 188
32.9205 1678.0 188
33.2446 1682.0 188
33.5577 1686.0 188
33.8873 1688.0 188
34.2004 1706.0 188
34.5135 1714.0 188
34.8431 1710.0 188
35.1563 1714.0 188
35.4803 1716.0 188
35.7935 1718.0 188
36.1066 1722.0 188
36.4362 1730.0 188
36.7493 1736.0 188
37.0734 1740.0 188
37.3865 1746.0 188
37.6996 1752.0 188
38.0292 1758.0 188
38.3423 1764.0 188
38.6719 1770.0 188
38.9795 1776.0 188
39.3091 1780.0 188
39.6222 1786.0 188
39.9353 1796.0 188
40.2649 1800.0 188
40.5780 1802.0 188
40.9021 1810.0 188
41.2152 1816.0 188
41.5448 1822.0 188
41.8579 1834.0 188
42.1875 1842.0 188
42.4951 1846.0 188
42.8247 1856.0 188
43.1378 1860.0 188
43.4674 1864.0 188
43.7805 1872.0 188
44.1046 1884.0 188
44.4177 1890.0 188
44.7473 1896.0 188
45.0769 1904.0 188
45.3900 1912.0 188
45.7141 1920.0 188
46.0272 1930.0 188
46.3568 1940.0 188
46.6699 1944.0 188
46.9995 1952.0 188
47.3071 1962.0 188
47.6367 1970.0 188
47.9498 1980.0 188
48.2794 1990.0 188
48.6090 2000.0 188
48.9166 2014.0 188
49.2462 2024.0 188
49.5593 2034.0 188
49.8889 2042.0 188
50.2020 2052.0 188
50.5261 2068.0 188
50.8392 2080.0 188
51.1688 2092.0 188
51.4819 2104.0 188
51.8115 2112.0 188
52.1246 2116.0 188
52.4487 2120.0 188
52.7783 2124.0 188
53.0914 2140.0 188
53.4210 2156.0 188
53.7341 2164.0 188
54.0582 2172.0 188
54.3713 2180.0 188
54.7009 2192.0 188
55.0140 2212.0 188
55.3436 2224.0 188
55.6512 2232.0 188
55.9808 2248.0 188
56.3104 2268.0 188
56.6235 2284.0 188
56.9531 2292.0 188
57.2607 2304.0 188
57.5903 2320.0 188
57.9034 2336.0 188
58.2330 2348.0 188
58.5461 2364.0 188
58.8702 2376.0 188
59.1833 2392.0 188
59.5129 2416.0 188
59.8260 2436.0 188
60.1556 2448.0 188
60.4797 2460.0 188
60.7928 2484.0 188
61.1224 2508.0 188
61.4355 2516.0 188
61.7651 2536.0 188
62.0728 2560.0 188
62.4023 2572.0 188
62.7155 2588.0 188
63.0450 2608.0 188
63.3582 2624.0 188
63.6823 2652.0 188
63.9954 2672.0 188
64.3250 2688.0 188
64.6545 2712.0 188
64.9677 2740.0 188
65.2917 2768.0 188
65.9344 2796.0 188
93.4497 182.0 188
93.7793 182.0 188
94.0924 184.0 188
94.4165 184.0 188
94.7296 182.0 188
111.6870 265.0 188
111.9946 349.0 188
112.3077 345.0 188
112.6373 340.0 188
112.9504 335.0 188
113.2800 331.0 188
113.5931 327.0 188
113.9172 324.0 188
114.2303 323.0 188
114.5599 322.0 188
114.8730 322.0 188
115.1862 322.0 188
115.5103 321.0 188
115.8234 322.0 188
116.1530 322.0 188
116.4661 323.0 188
116.7957 324.0 188
117.1088 325.0 188
117.4329 326.0 188
117.7460 327.0 188
118.0591 329.0 188
118.3887 332.0 188
118.7018 334.0 188
119.0259 337.0 188
119.3390 340.0 188
119.6686 343.0 188
119.9817 345.0 188
120.3113 348.0 188
120.6244 350.0 188
120.9375 352.0 188
121.2616 354.0 188
121.5747 355.0 188
121.9043 356.0 188
122.2174 358.0 188
122.5415 359.0 188
122.8546 361.0 188
123.1842 362.0 188
123.4973 363.0 188
123.8269 364.0 188
124.1400 366.0 188
124.4531 366.0 188
124.7772 367.0 188
125.0903 368.0 188
125.4199 369.0 188
125.7330 371.0 188
126.0571 372.0 188
126.3702 374.0 188
126.6998 376.0 188
127.0129 379.0 188
127.3260 384.0 188
136.2964 3764.0 188
136.6040 3756.0 188
136.9336 3748.0 188
137.2467 3732.0 188
137.5763 300.0 188
137.8894 299.0 188
138.2135 298.0 188
138.5266 298.0 188
138.8562 298.0 188
139.1693 294.0 188
139.4989 286.0 188
139.8120 282.0 188
140.1361 280.0 188
140.4492 280.0 188
140.7788 281.0 188
141.0919 283.0 188
141.4215 284.0 188
141.7291 285.0 188
142.0587 286.0 188
142.3718 287.0 188
142.7014 279.0 188
143.0145 270.0 188
143.3386 269.0 188
143.6517 269.0 188
143.9813 270.0 188
144.2944 272.0 188
144.6240 275.0 188
152.6385 2940.0 188
152.9517 2904.0 188
153.2813 2856.0 188
153.5889 2844.0 188
153.9185 2836.0 188
154.2316 2828.0 188
154.5612 2820.0 188
154.8743 2800.0 188
155.1984 2780.0 188
155.5115 2772.0 188
155.8411 2780.0 188
156.1542 2768.0 188
156.4838 2752.0 188
156.7969 2744.0 188
157.1210 2744.0 188
157.4341 2728.0 188
157.7637 2716.0 188
158.0768 2700.0 188
158.4009 2684.0 188
158.7140 2680.0 188
159.0436 2676.0 188
159.3567 2656.0 188
159.6863 2644.0 188
159.9994 2656.0 188
160.3235 2656.0 188
160.6366 2640.0 188
160.9662 2620.0 188
161.2793 2612.0 188
161.6089 2608.0 188
161.9165 2596.0 188
162.2461 2592.0 188
162.5592 2592.0 188
162.8888 2588.0 188
163.2019 2584.0 188
163.5260 2580.0 188
163.8556 2568.0 188
164.1687 2560.0 188
164.4818 2556.0 188
164.8114 2544.0 188
165.1245 2544.0 188
165.4486 2544.0 188
165.7617 2532.0 188
166.0913 2524.0 188
166.4044 2520.0 188
166.7340 2516.0 188
167.0416 2512.0 188
167.3547 2504.0 188
167.6843 2504.0 188
167.9974 2504.0 188
168.3270 2492.0 188
168.6401 2484.0 188
168.9642 2480.0 188
169.2773 2476.0 188
169.6069 2476.0 188
169.9200 2468.0 188
170.2332 2464.0 188
170.5573 2464.0 188
170.8704 2456.0 188
171.2000 2456.0 188
171.5131 2456.0 188
171.8427 2432.0 188
172.1558 2416.0 188
172.4799 2428.0 188
172.7930 2428.0 188
173.1226 2416.0 188
173.4357 2416.0 188
173.7488 2416.0 188
174.0729 2408.0 188
174.3860 2408.0 188
174.7156 2408.0 188
175.0287 2404.0 188
175.3583 2404.0 188
175.6714 2400.0 188
175.9955 2396.0 188
176.3086 2392.0 188
176.6217 2404.0 188
176.9513 2408.0 188
177.2644 2396.0 188
177.5885 2392.0 188
177.9016 2384.0 188
178.2312 2384.0 188
178.5443 2384.0 188
178.8739 2380.0 188
179.1870 2380.0 188
179.4946 2372.0 188
179.8242 2368.0 188
180.1373 2360.0 188
180.4669 2356.0 188
180.7800 2360.0 188
181.1041 2360.0 188
181.4172 2364.0 188
181.7468 2360.0 188
182.0599 2352.0 188
182.3730 2360.0 188
182.7026 2368.0 188
183.0103 2360.0 188
183.3398 2360.0 188
183.6530 2384.0 188
183.9825 2440.0 188
184.2957 2556.0 188
184.6198 2720.0 188
184.9329 2880.0 188
185.2625 2964.0 188
185.5756 2980.0 188
185.8887 2984.0 188
186.2183 2988.0 188
186.5259 2984.0 188
186.8555 3020.0 188
187.1686 3168.0 188
187.4982 3296.0 188
187.8113 3316.0 188
188.1354 3324.0 188
188.4485 3324.0 188
188.7616 3328.0 188
189.0912 3336.0 188
189.4043 3372.0 188
189.7339 3412.0 188
190.0415 3428.0 188
190.3711 3448.0 188
190.6842 3452.0 188
191.0138 3452.0 188
191.3269 3456.0 188
191.6400 3456.0 188
191.9641 3456.0 188
192.2772 3460.0 188
192.6068 3472.0 188
192.9199 3476.0 188
193.2495 3472.0 188
193.5571 3476.0 188
193.8867 3472.0 188
194.1998 3476.0 188
194.5294 3484.0 188
194.8425 3488.0 188
195.1666 3488.0 188
195.4797 3492.0 188
198.6987 191.0 188
199.0118 190.0 188
199.3414 191.0 188
199.6710 191.0 188
200.3082 191.0 188
202.8735 3532.0 188
203.2031 3548.0 188
203.5107 3572.0 188
203.8403 3580.0 188
204.1534 3584.0 188
204.4830 3604.0 188
204.8071 3608.0 188
205.1202 3604.0 188
205.4498 3612.0 188
205.7629 3588.0 188
206.0925 3532.0 188
206.4056 3504.0 188
206.7297 3484.0 188
207.0428 3460.0 188
208.0151 3436.0 188
214.1235 4028.0 188
214.4366 3996.0 188
214.7607 3952.0 188
215.0903 3960.0 188
215.4034 3980.0 188
215.7330 3984.0 188
216.0461 4000.0 188
216.3702 4016.0 188
216.6833 4020.0 188
217.0129 4032.0 188
217.3260 4040.0 188
217.6556 4052.0 188
217.9797 4060.0 188
218.2928 4080.0 188
218.6224 4104.0 188
218.9355 4104.0 188
219.2651 4112.0 188
219.5728 4128.0 188
219.9023 4144.0 188
220.2319 4160.0 188
220.5450 4184.0 188
220.8746 4216.0 188
221.1823 4224.0 188
221.5118 4216.0 188
221.8250 4128.0 188
222.1545 4020.0 188
222.4677 3992.0 188
222.7917 4000.0 188
223.1213 4020.0 188
223.4344 4036.0 188
223.7640 4040.0 188
224.0771 4048.0 188
224.4012 4056.0 188
224.7144 4068.0 188
225.0439 4088.0 188
225.3735 4120.0 188
225.6866 4136.0 188
226.0107 4160.0 188
226.3239 4192.0 188
226.6534 4216.0 188
226.9666 4232.0 188
227.2961 4248.0 188
227.6093 4264.0 188
227.9333 4280.0 188
228.2465 4416.0 188
228.5760 4584.0 188
228.8892 4648.0 188
229.2188 4680.0 188
229.5264 4704.0 188
229.8560 4736.0 188
230.1855 4744.0 188
230.4987 4760.0 188
230.8228 4800.0 188
231.1359 4824.0 188
231.4655 4832.0 188
231.7786 4848.0 188
232.1082 4880.0 188
232.4213 4912.0 188
232.7454 4936.0 188
233.0585 4952.0 188
233.3881 4992.0 188
233.7012 5016.0 188
234.0308 5008.0 188
234.3384 5000.0 188
234.6680 5000.0 188
234.9811 4984.0 188
235.3107 4936.0 188
235.6403 4912.0 188
235.9479 4904.0 188
236.2775 4920.0 188
236.5906 4960.0 188
236.9202 5000.0 188
237.2333 5024.0 188
237.5574 5056.0 188
237.8705 5184.0 188
238.2001 5352.0 188
238.8428 5488.0 188
239.1559 5592.0 188
239.4800 5600.0 188
239.7931 5608.0 188
240.1227 5640.0 188
240.4523 5664.0 188
240.7654 5704.0 188
241.7322 5752.0 188
242.0453 5864.0 188
242.3749 5936.0 188
242.6825 5952.0 188
243.0121 5992.0 188
243.3252 5984.0 188
243.6548 5960.0 188
243.9679 5936.0 188
244.2920 5896.0 188
244.6051 5904.0 188
244.9347 5968.0 188
245.2478 5984.0 188
245.5774 5952.0 188
245.9015 5936.0 188
246.2146 5928.0 188
246.5442 5904.0 188
246.8573 5856.0 188
247.1869 5816.0 188
247.5000 5808.0 188
247.8241 5808.0 188
248.1372 5856.0 188
248.4668 5880.0 188
248.7799 5856.0 188
249.1040 5832.0 188
249.4171 5816.0 188
249.7467 5816.0 188
250.0598 5800.0 188
250.3894 5776.0 188
250.7135 5768.0 188
251.0266 5752.0 188
251.3562 5744.0 188
251.6693 5744.0 188
251.9989 5728.0 188
252.3120 5712.0 188
252.6361 5680.0 188
252.9492 5664.0 188
253.2788 5632.0 188
253.5919 5616.0 188
253.9215 5616.0 188
254.2291 5624.0 188
254.5587 5672.0 188
254.8718 5728.0 188
255.2014 5784.0 188
255.5145 5832.0 188
255.8386 5808.0 188
256.1682 5784.0 188
256.4813 5784.0 188
256.7944 5728.0 188
257.1240 5664.0 188
257.4371 5648.0 188
257.7448 5640.0 188
258.0743 5640.0 188
258.3875 5648.0 188
258.7170 5648.0 188
259.0302 5640.0 188
259.3433 5624.0 188
259.6674 5624.0 188
259.9805 6016.0 188
260.3101 6024.0 188
260.6232 6040.0 188
260.9363 6048.0 188
261.2604 6048.0 188
261.5735 6056.0 188
261.8866 6032.0 188
262.2162 6024.0 188
262.5293 6040.0 188
262.8589 5992.0 188
263.1665 5984.0 188
263.8092 6040.0 188
271.7633 14352.0 188
272.0929 14352.0 188
272.4060 14256.0 188
272.7301 14256.0 188
273.3563 14352.0 188
276.5424 14352.0 188
276.8719 14352.0 188
277.1851 14352.0 188
280.3711 14352.0 188
280.6842 14352.0 188
281.0138 14352.0 188
285.7764 12256.0 188
286.1060 11928.0 188
286.4191 11856.0 188
286.7487 11832.0 188
289.2920 8480.0 188
289.6216 8376.0 188
289.9347 8192.0 188
290.2643 7368.0 188
290.5774 7264.0 188
290.8905 7136.0 188
291.2146 6768.0 188
291.5277 6720.0 188
293.1372 5944.0 188
293.4503 5888.0 188
293.7799 5760.0 188
294.0930 5624.0 188
294.4171 5512.0 188
294.7302 5416.0 188
295.0433 5328.0 188
295.3729 5240.0 188
295.6860 5136.0 188
296.0156 5040.0 188
296.3232 4952.0 188
296.6528 4864.0 188
296.9659 4784.0 188
297.2955 4688.0 188
297.6086 4624.0 188
297.9327 4560.0 188
298.2458 4488.0 188
298.5590 4144.0 188
299.2017 4004.0 188
299.5313 3852.0 188
299.8389 3820.0 188
300.1685 3764.0 188
300.4816 3688.0 188
300.8112 3660.0 188
301.1243 3648.0 188
301.4484 3592.0 188
301.7615 3536.0 188
302.0911 3496.0 188
302.4042 3452.0 188
302.7173 3408.0 188
303.0469 3360.0 188
303.3545 3324.0 188
303.6841 3280.0 188
303.9972 3240.0 188
304.3268 3208.0 188
304.6399 3172.0 188
304.9640 3136.0 188
305.2771 3108.0 188
305.6067 3112.0 188
305.9198 3112.0 188
306.2329 3116.0 188
306.5625 3136.0 188
306.8701 3136.0 188
307.1997 3120.0 188
307.5128 3096.0 188
307.8424 3068.0 188
308.1555 3032.0 188
308.4796 3004.0 188
308.7927 2988.0 188
309.1223 2964.0 188
309.4354 2932.0 188
309.7650 2912.0 188
310.0781 2888.0 188
310.3857 2852.0 188
310.7153 2820.0 188
311.0284 2792.0 188
311.3580 2764.0 188
311.6711 2732.0 188
311.9952 2700.0 188
312.3083 2688.0 188
312.6379 2692.0 188
312.9510 2704.0 188
313.2806 2704.0 188
313.5938 2704.0 188
313.9014 2708.0 188
314.2310 2716.0 188
314.5441 2720.0 188
314.8737 2728.0 188
315.1868 2736.0 188
315.5109 2752.0 188
315.8240 2756.0 188
316.1536 2744.0 188
316.4667 2728.0 188
316.7963 2708.0 188
317.1094 2684.0 188
317.4335 2668.0 188
317.7466 2652.0 188
318.0597 2636.0 188
318.3893 2616.0 188
318.7024 2596.0 188
319.0265 2588.0 188
319.3396 2572.0 188
319.6692 2552.0 188
319.9823 2536.0 188
320.3119 2516.0 188
320.6250 2500.0 188
320.9491 2488.0 188
321.2622 2472.0 188
321.5753 2460.0 188
321.9049 2448.0 188
322.2180 2436.0 188
322.5421 2420.0 188
322.8552 2400.0 188
323.1848 2392.0 188
323.4979 2384.0 188
323.8275 2364.0 188
324.1406 2344.0 188
324.4647 2332.0 188
324.7778 2324.0 188
325.1074 2316.0 188
326.0577 2300.0 188
326.7004 2154.0 188
327.0135 2004.0 188
327.3431 1992.0 188
327.6563 1984.0 188
327.9803 1984.0 188
328.2935 1980.0 188
328.6230 1966.0 188
328.9362 1958.0 188
329.2493 1950.0 188
329.5734 1940.0 188
329.8865 1934.0 188
330.2161 1930.0 188
330.5292 1918.0 188
330.8588 1906.0 188
331.1719 1898.0 188
331.4960 1892.0 188
331.8091 1884.0 188
332.1387 1876.0 188
332.4518 1876.0 188
332.7759 1868.0 188
333.0890 1854.0 188
333.4021 1848.0 188
333.7317 1840.0 188
334.0448 1834.0 188
334.3744 1824.0 188
334.6875 1816.0 188
335.0116 1814.0 188
335.3247 1806.0 188
335.6543 1798.0 188
335.9674 1794.0 188
336.2915 1792.0 188
336.6046 1782.0 188
336.9177 1776.0 188
337.2473 1774.0 188
337.5604 1764.0 188
337.8900 1756.0 188
338.2031 1754.0 188
338.5272 1750.0 188
338.8403 1744.0 188
339.1699 1738.0 188
339.4830 1734.0 188
339.8071 1728.0 188
340.1202 1724.0 188
340.4498 1718.0 188
340.7629 1712.0 188
341.0760 1706.0 188
341.4056 1700.0 188
341.7188 1694.0 188
342.0428 1692.0 188
342.3560 1688.0 188
342.6855 1682.0 188
342.9987 1680.0 188
343.3228 1670.0 188
343.6359 1662.0 188
343.9655 1660.0 188
344.2786 1656.0 188
344.5917 1656.0 188
344.9213 1652.0 188
345.2344 1650.0 188
345.5585 1648.0 188
345.8716 1642.0 188
346.2012 1634.0 188
346.5143 1630.0 188
346.8384 1628.0 188
347.1515 1626.0 188
347.4811 1626.0 188
348.1238 1634.0 188
350.9802 153.0 188
351.9525 151.0 188
