#RPLIDAR SCAN DATA
#COUNT=779
#Angule	Distance	Quality
356.5778 1460.0 188
356.8854 1462.0 188
357.2150 1464.0 188
357.5281 1464.0 188
357.8577 1464.0 188
358.1708 1462.0 188
358.4839 1460.0 188
358.8080 1462.0 188
359.1211 1462.0 188
359.4507 1466.0 188
359.7638 1468.0 188
0.0934 1468.0 188
0.4010 1466.0 188
0.7141 1462.0 188
1.0437 1456.0 188
1.3568 1448.0 188
2.3236 1442.0 188
9.3384 1492.0 188
9.6515 1542.0 188
9.9811 1546.0 188
10.2942 1542.0 188
10.6238 1530.0 188
10.9369 1524.0 188
11.2610 1526.0 188
11.5741 1526.0 188
11.9037 1524.0 188
12.2168 1528.0 188
12.5464 1532.0 188
12.8540 1534.0 188
13.1671 1536.0 188
13.4967 1540.0 188
13.8098 1544.0 188
14.1394 1544.0 188
14.4525 1548.0 188
14.7766 1552.0 188
15.0897 1552.0 188
15.4193 1556.0 188
15.7324 1558.0 188
16.0620 1560.0 188
16.3696 1566.0 188
16.6992 1570.0 188
17.0123 1574.0 188
17.3254 1578.0 188
17.6550 1572.0 188
17.9681 1600.0 188
18.2922 1616.0 188
18.6053 1596.0 188
18.9349 1596.0 188
19.2480 1600.0 188
19.5776 1606.0 188
19.8853 1612.0 188
20.2148 1616.0 188
20.5280 1620.0 188
20.8411 1622.0 188
21.1707 1624.0 188
21.4838 1626.0 188
21.8079 1634.0 188
22.1210 1640.0 188
22.4506 1646.0 188
22.7637 1650.0 188
23.0933 1654.0 188
23.4009 1658.0 188
23.7305 1658.0 188
24.0436 1662.0 188
24.3732 1678.0 188
24.6863 1686.0 188
24.9994 1684.0 188
25.3235 1688.0 188
25.6366 1692.0 188
25.9662 1698.0 188
26.2793 1706.0 188
26.6089 1712.0 188
26.9165 1718.0 188
27.2461 1724.0 188
27.5592 1728.0 188
27.8888 1736.0 188
28.2019 1742.0 188
28.5150 1744.0 188
28.8391 1752.0 188
29.1522 1758.0 188
29.4818 1764.0 188
29.7949 1772.0 188
30.1245 1788.0 188
30.4321 1796.0 188
30.7617 1794.0 188
31.0748 1798.0 188
31.4044 1806.0 188
31.7175 1814.0 188
32.0416 1820.0 188
32.3547 1826.0 188
32.6678 1836.0 188
32.9974 1846.0 188
33.3105 1850.0 188
33.6401 1856.0 188
33.9478 1862.0 188
34.2773 1874.0 188
34.5905 1886.0 188
34.9200 1892.0 188
35.2332 1908.0 188
35.5573 1918.0 188
35.8704 1920.0 188
36.1835 1930.0 188
36.5131 1938.0 188
36.8262 1944.0 188
37.1558 1952.0 188
37.4634 1962.0 188
37.7930 1972.0 188
38.1061 1982.0 188
38.4357 1996.0 188
38.7488 2006.0 188
39.0729 2016.0 188
39.3860 2020.0 188
39.7156 2030.0 188
40.0287 2042.0 188
40.3583 2052.0 188
40.6714 2064.0 188
40.9955 2076.0 188
41.3086 2088.0 188
41.6382 2096.0 188
41.9513 2112.0 188
42.2809 2120.0 188
42.5885 2136.0 188
42.9181 2148.0 188
43.2312 2160.0 188
43.5608 2168.0 188
43.8904 2188.0 188
44.1980 2204.0 188
44.5276 2212.0 188
44.8407 2224.0 188
45.1703 2240.0 188
45.4834 2260.0 188
45.8075 2272.0 188
46.1206 2296.0 188
46.4502 2316.0 188
46.7633 2332.0 188
47.0929 2352.0 188
47.4170 2360.0 188
47.7301 2372.0 188
48.0597 2388.0 188
48.3728 2412.0 188
48.7024 2432.0 188
49.0155 2440.0 188
49.3396 2448.0 188
49.6527 2464.0 188
49.9823 2484.0 188
50.2954 2508.0 188
50.6250 2520.0 188
50.9326 2532.0 188
51.2622 2552.0 188
51.5918 2576.0 188
51.9049 2600.0 188
52.2290 2616.0 188
52.5421 2644.0 188
52.8717 2668.0 188
53.1848 2692.0 188
53.5144 2704.0 188
53.8275 2728.0 188
54.1516 2752.0 188
54.4647 2780.0 188
54.7943 2808.0 188
55.1239 2832.0 188
55.4370 2860.0 188
55.7611 2892.0 188
56.0742 2912.0 188
56.4038 2936.0 188
56.7169 2972.0 188
57.0465 3000.0 188
57.3541 3024.0 188
57.6837 3068.0 188
57.9968 3100.0 188
58.3264 3116.0 188
58.6395 3152.0 188
58.9636 3184.0 188
59.2932 3224.0 188
59.6063 3260.0 188
59.9359 3296.0 188
60.2490 3332.0 188
60.5731 3372.0 188
60.8862 3412.0 188
61.2158 3448.0 188
61.5289 3480.0 188
61.8585 3528.0 188
62.1716 3584.0 188
62.4957 3624.0 188
62.8088 3676.0 188
95.1526 328.0 188
95.4822 332.0 188
95.7953 335.0 188
96.1249 335.0 188
96.4325 335.0 188
96.7621 334.0 188
97.0752 332.0 188
97.4048 329.0 188
97.7179 326.0 188
98.3551 323.0 188
110.1544 339.0 188
110.4675 356.0 188
110.7806 357.0 188
111.1047 358.0 188
111.4178 358.0 188
111.7474 359.0 188
112.0605 360.0 188
112.3737 361.0 188
112.6978 362.0 188
113.0109 364.0 188
113.3240 365.0 188
113.6536 367.0 188
113.9667 369.0 188
114.2798 370.0 188
114.6094 372.0 188
114.9170 373.0 188
115.2466 374.0 188
115.5597 376.0 188
115.8728 377.0 188
116.2024 377.0 188
116.5155 378.0 188
116.8231 379.0 188
117.1527 380.0 188
117.4658 380.0 188
117.7789 381.0 188
118.1085 381.0 188
118.4216 381.0 188
118.7457 381.0 188
119.0588 381.0 188
119.3719 381.0 188
119.7015 381.0 188
120.0146 380.0 188
120.3278 379.0 188
120.6519 379.0 188
120.9650 378.0 188
121.2781 378.0 188
121.6077 377.0 188
121.9208 377.0 188
122.2449 376.0 188
122.5580 375.0 188
122.8711 375.0 188
123.2007 374.0 188
123.5138 375.0 188
123.8269 374.0 188
124.1510 374.0 188
124.4641 373.0 188
124.7772 373.0 188
125.1068 373.0 188
125.4199 373.0 188
125.7495 373.0 188
126.0571 373.0 188
126.3702 374.0 188
126.6998 374.0 188
127.0129 375.0 188
127.3260 375.0 188
127.6556 376.0 188
127.9688 376.0 188
128.2764 376.0 188
128.6060 377.0 188
128.9191 378.0 188
129.2487 379.0 188
129.5618 380.0 188
129.8749 380.0 188
130.1990 381.0 188
130.5121 383.0 188
130.8252 385.0 188
131.1548 388.0 188
131.7920 392.0 188
137.5269 301.0 188
137.8564 300.0 188
138.1696 299.0 188
138.4991 299.0 188
138.8123 299.0 188
139.1364 295.0 188
139.4495 287.0 188
139.7626 283.0 188
140.0922 281.0 188
140.4053 281.0 188
140.7294 282.0 188
141.0425 283.0 188
141.3721 285.0 188
141.6852 286.0 188
142.0148 287.0 188
142.3279 282.0 188
142.6355 274.0 188
142.9651 270.0 188
143.2782 269.0 188
143.6078 269.0 188
143.9209 269.0 188
144.2450 270.0 188
144.5581 272.0 188
145.2008 275.0 188
152.8583 2652.0 188
153.1824 2624.0 188
153.4955 2592.0 188
153.8251 2584.0 188
154.1382 2584.0 188
154.4678 2576.0 188
154.7809 2564.0 188
155.0885 2556.0 188
155.4181 2556.0 188
155.7312 2552.0 188
156.0608 2548.0 188
156.3739 2544.0 188
156.6980 2540.0 188
157.0111 2536.0 188
157.3407 2536.0 188
157.6538 2528.0 188
157.9669 2524.0 188
158.2965 2508.0 188
158.6041 2492.0 188
158.9337 2496.0 188
159.2468 2496.0 188
159.5764 2488.0 188
159.8895 2488.0 188
160.2026 2488.0 188
160.5267 2484.0 188
160.8398 2484.0 188
161.1694 2480.0 188
161.4825 2472.0 188
161.8121 2476.0 188
162.1198 2472.0 188
162.4493 2464.0 188
162.7625 2460.0 188
163.0756 2456.0 188
163.4052 2460.0 188
163.7183 2456.0 188
164.0424 2452.0 188
164.3555 2448.0 188
164.6851 2444.0 188
164.9982 2456.0 188
165.3278 2468.0 188
165.6354 2508.0 188
165.9485 2576.0 188
166.2781 2660.0 188
166.5912 2748.0 188
166.9208 2824.0 188
167.2339 2920.0 188
167.5580 3024.0 188
167.8711 3068.0 188
168.2007 3072.0 188
168.5138 3072.0 188
168.8269 3068.0 188
169.1510 3068.0 188
169.4641 3084.0 188
169.7937 3164.0 188
170.1068 3288.0 188
170.4364 3372.0 188
170.7495 3388.0 188
171.0736 3388.0 188
171.3867 3392.0 188
171.7163 3388.0 188
172.0294 3388.0 188
172.3425 3432.0 188
172.6666 3496.0 188
172.9797 3528.0 188
173.3093 3540.0 188
173.6224 3536.0 188
173.9520 3536.0 188
174.2651 3536.0 188
174.5892 3528.0 188
174.9023 3528.0 188
175.2155 3528.0 188
175.5450 3524.0 188
175.8582 3528.0 188
176.1823 3532.0 188
176.4954 3536.0 188
176.8250 3536.0 188
177.1381 3536.0 188
177.4677 3528.0 188
177.7808 3528.0 188
178.0884 3536.0 188
178.4180 3532.0 188
178.7311 3528.0 188
179.0607 3544.0 188
179.3738 3552.0 188
179.6979 3548.0 188
180.0110 3548.0 188
180.3406 3544.0 188
180.6537 3544.0 188
180.9668 3552.0 188
181.2964 3556.0 188
181.6040 3560.0 188
181.9336 3568.0 188
182.2467 3564.0 188
182.5763 3556.0 188
182.8894 3564.0 188
183.2135 3564.0 188
183.5266 3552.0 188
183.8562 3540.0 188
184.1693 3536.0 188
184.4824 3540.0 188
184.8120 3552.0 188
185.1196 3556.0 188
185.4492 3548.0 188
185.7623 3552.0 188
186.0919 3568.0 188
186.4050 3588.0 188
186.7291 3596.0 188
187.0422 3588.0 188
187.3553 3584.0 188
187.6849 3580.0 188
187.9980 3580.0 188
188.3276 3596.0 188
188.6353 3584.0 188
188.9648 3544.0 188
189.2780 3512.0 188
189.6075 3508.0 188
189.9207 3508.0 188
190.2338 3504.0 188
190.5579 3504.0 188
190.8710 3512.0 188
191.2006 3516.0 188
191.5137 3520.0 188
191.8433 3520.0 188
192.1509 3520.0 188
192.4805 3532.0 188
192.7936 3544.0 188
193.1232 3552.0 188
193.4363 3612.0 188
193.7494 3668.0 188
194.0735 3684.0 188
194.3866 3692.0 188
194.7162 3696.0 188
195.0293 3708.0 188
195.3589 3720.0 188
195.9961 3732.0 188
198.5449 191.0 188
198.8745 191.0 188
199.1821 192.0 188
199.5117 191.0 188
199.8248 191.0 188
200.7916 193.0 188
202.6978 3956.0 188
203.0273 3968.0 188
203.3405 3972.0 188
203.6700 3960.0 188
203.9832 3960.0 188
204.3073 3976.0 188
204.6204 3996.0 188
204.9335 4012.0 188
205.2631 4020.0 188
205.5762 4020.0 188
205.9058 3952.0 188
206.5430 3876.0 188
214.2169 4504.0 188
214.5300 4528.0 188
214.8541 4560.0 188
215.1672 4576.0 188
215.4968 4568.0 188
215.8099 4592.0 188
216.1395 4624.0 188
216.4526 4648.0 188
216.7603 4680.0 188
217.0898 4720.0 188
217.4030 4736.0 188
217.7325 4776.0 188
218.0457 4808.0 188
218.3698 4832.0 188
218.6829 4856.0 188
219.0125 4888.0 188
219.3256 4888.0 188
219.6552 4848.0 188
219.9683 4824.0 188
220.2759 4808.0 188
220.6055 4784.0 188
220.9186 4792.0 188
221.2482 4808.0 188
221.5613 4848.0 188
221.8854 4880.0 188
222.1985 4904.0 188
222.5281 4944.0 188
222.8412 5080.0 188
223.1708 5232.0 188
223.4839 5296.0 188
223.8080 5328.0 188
224.1211 5368.0 188
224.4507 5408.0 188
224.7638 5448.0 188
225.0934 5512.0 188
225.4010 5552.0 188
225.7306 5560.0 188
226.0437 5576.0 188
226.3733 5584.0 188
226.6864 5608.0 188
227.0105 5672.0 188
227.3236 5720.0 188
227.6532 5736.0 188
227.9663 5760.0 188
228.2959 5792.0 188
228.6090 5768.0 188
228.9331 5736.0 188
229.2462 5720.0 188
229.5758 5696.0 188
229.8889 5696.0 188
230.2185 5720.0 188
230.5261 5744.0 188
230.8557 5760.0 188
231.1853 5752.0 188
231.4984 5720.0 188
231.8280 5696.0 188
232.1356 5672.0 188
232.4652 5664.0 188
232.7783 5648.0 188
233.1079 5648.0 188
233.4210 5656.0 188
233.7451 5664.0 188
234.0582 5664.0 188
234.3878 5672.0 188
234.7009 5648.0 188
235.0305 5640.0 188
235.3436 5640.0 188
235.6677 5600.0 188
235.9808 5568.0 188
236.3104 5544.0 188
236.6235 5528.0 188
236.9531 5520.0 188
237.2607 5496.0 188
237.5903 5488.0 188
237.9034 5480.0 188
238.2330 5456.0 188
238.5461 5456.0 188
238.8702 5456.0 188
239.1998 5432.0 188
239.5129 5424.0 188
239.8425 5408.0 188
240.1556 5400.0 188
240.4797 5456.0 188
240.7928 5552.0 188
241.1224 5608.0 188
241.4355 5608.0 188
241.7651 5608.0 188
242.0728 5584.0 188
242.4023 5544.0 188
242.7155 5512.0 188
243.0450 5496.0 188
243.3582 5480.0 188
243.6823 5456.0 188
243.9954 5440.0 188
244.3250 5424.0 188
244.6381 5408.0 188
244.9677 5392.0 188
245.2808 5408.0 188
245.9180 5408.0 188
246.8903 7096.0 188
247.8571 6216.0 188
248.1702 7744.0 188
248.8074 7768.0 188
250.0928 8608.0 188
250.7300 8616.0 188
259.0466 14352.0 188
259.3707 14320.0 188
260.3265 14200.0 188
261.2769 14224.0 188
263.8422 14304.0 188
264.1553 14168.0 188
265.1056 13984.0 188
267.6709 14352.0 188
267.9840 13672.0 188
268.9343 13752.0 188
273.0927 11784.0 188
273.4058 11424.0 188
273.7134 11344.0 188
274.6857 11304.0 188
276.5918 7896.0 188
276.9214 7904.0 188
277.2290 7856.0 188
277.5421 7848.0 188
277.8717 7288.0 188
278.5144 6648.0 188
278.8275 6616.0 188
279.4647 6520.0 188
280.7446 5584.0 188
281.0577 5576.0 188
281.3708 5504.0 188
281.7004 5376.0 188
282.0135 5280.0 188
282.3431 5192.0 188
282.6563 5104.0 188
282.9803 5024.0 188
283.2935 4904.0 188
283.6066 4792.0 188
283.9362 4720.0 188
284.2493 4656.0 188
284.5734 4576.0 188
284.8865 4504.0 188
285.2161 4456.0 188
285.5292 4400.0 188
285.8423 4312.0 188
286.1554 4224.0 188
286.4795 4128.0 188
286.7926 3800.0 188
287.1057 3736.0 188
287.7484 3620.0 188
288.0615 3556.0 188
288.3856 3524.0 188
288.6987 3484.0 188
289.0118 3444.0 188
289.3414 3392.0 188
289.6545 3348.0 188
289.9677 3312.0 188
290.2917 3268.0 188
290.6049 3224.0 188
290.9180 3176.0 188
291.2311 3136.0 188
291.5607 3108.0 188
291.8738 3068.0 188
292.1869 3020.0 188
292.5110 2984.0 188
292.8241 2952.0 188
293.1372 2916.0 188
293.4668 2896.0 188
293.7799 2880.0 188
294.0930 2864.0 188
294.4171 2860.0 188
294.7302 2860.0 188
295.0433 2864.0 188
295.3729 2872.0 188
295.6860 2876.0 188
295.9991 2868.0 188
296.3123 2852.0 188
296.6364 2824.0 188
296.9495 2804.0 188
297.2626 2784.0 188
297.5922 2760.0 188
297.9053 2736.0 188
298.2184 2712.0 188
298.5425 2692.0 188
298.8556 2668.0 188
299.1687 2648.0 188
299.4983 2624.0 188
299.8114 2596.0 188
300.1245 2576.0 188
300.4486 2560.0 188
300.7617 2536.0 188
301.0748 2512.0 188
301.3879 2488.0 188
301.7175 2460.0 188
302.0306 2444.0 188
302.3438 2444.0 188
302.6678 2448.0 188
302.9810 2448.0 188
303.2941 2448.0 188
303.6237 2452.0 188
303.9368 2460.0 188
304.2499 2472.0 188
304.5740 2484.0 188
304.8871 2496.0 188
305.2002 2508.0 188
305.5298 2512.0 188
305.8429 2512.0 188
306.1560 2508.0 188
306.4636 2492.0 188
306.7932 2480.0 188
307.1063 2468.0 188
307.4194 2456.0 188
307.7490 2444.0 188
308.0621 2420.0 188
308.3698 2408.0 188
308.6993 2400.0 188
309.0125 2380.0 188
309.3256 2360.0 188
309.6552 2352.0 188
309.9683 2336.0 188
310.2759 2320.0 188
310.6055 2308.0 188
310.9186 2300.0 188
311.2317 2284.0 188
311.5448 2272.0 188
311.8744 2264.0 188
312.1875 2248.0 188
312.4951 2232.0 188
312.8247 2224.0 188
313.1378 2216.0 188
313.4509 2204.0 188
313.7805 2196.0 188
314.0936 2184.0 188
314.4012 2172.0 188
314.7308 2164.0 188
315.0439 2152.0 188
315.3571 2144.0 188
315.6866 2136.0 188
315.9998 2128.0 188
316.3074 2116.0 188
316.6370 2104.0 188
316.9501 2088.0 188
317.2632 2080.0 188
317.5928 2060.0 188
319.1693 1918.0 188
319.4989 1796.0 188
319.8120 1790.0 188
320.1196 1780.0 188
320.4492 1776.0 188
320.7623 1776.0 188
321.0919 1776.0 188
321.4050 1768.0 188
321.7181 1760.0 188
322.0422 1752.0 188
322.3553 1744.0 188
322.6685 1740.0 188
322.9980 1736.0 188
323.3112 1728.0 188
323.6243 1720.0 188
323.9484 1718.0 188
324.2615 1712.0 188
324.5746 1702.0 188
324.9042 1696.0 188
325.2173 1692.0 188
325.5304 1688.0 188
325.8545 1682.0 188
326.1676 1684.0 188
326.4972 1678.0 188
326.8103 1666.0 188
327.1234 1660.0 188
327.4530 1656.0 188
327.7606 1652.0 188
328.0737 1648.0 188
328.4033 1646.0 188
328.7164 1640.0 188
329.0295 1632.0 188
329.3591 1628.0 188
329.6667 1624.0 188
329.9799 1622.0 188
330.3094 1618.0 188
330.6226 1614.0 188
330.9521 1614.0 188
331.2653 1604.0 188
331.5729 1596.0 188
331.9025 1594.0 188
332.2156 1584.0 188
332.5287 1580.0 188
332.8583 1584.0 188
333.1714 1580.0 188
333.4790 1578.0 188
333.8086 1576.0 188
334.1217 1572.0 188
334.4348 1568.0 188
334.7644 1564.0 188
335.0775 1558.0 188
335.3906 1552.0 188
335.7147 1550.0 188
336.0278 1546.0 188
336.3574 1546.0 188
336.6705 1544.0 188
336.9836 1542.0 188
337.3077 1540.0 188
337.6208 1538.0 188
337.9340 1534.0 188
338.2635 1532.0 188
338.5767 1526.0 188
338.8898 1522.0 188
339.2139 1512.0 188
339.5270 1510.0 188
339.8401 1518.0 188
340.1697 1516.0 188
340.4828 1514.0 188
340.7959 1512.0 188
341.1200 1510.0 188
341.4331 1504.0 188
341.7627 1498.0 188
342.0758 1498.0 188
342.3889 1498.0 188
342.7185 1496.0 188
343.0261 1496.0 188
343.3392 1496.0 188
343.6688 1494.0 188
343.9819 1492.0 188
344.2950 1490.0 188
344.6246 1490.0 188
344.9323 1488.0 188
345.2454 1486.0 188
345.5750 1486.0 188
345.8881 1482.0 188
346.2177 1484.0 188
346.5308 1482.0 188
346.8384 1484.0 188
347.1680 1484.0 188
347.4811 1484.0 188
348.1238 1494.0 188
350.6561 147.0 188
350.9802 148.0 188
351.2933 148.0 188
351.6064 149.0 188
351.9360 149.0 188
