#RPLIDAR SCAN DATA
#COUNT=767
#Angule	Distance	Quality
356.5887 1328.0 188
356.9183 1326.0 188
357.2314 1326.0 188
357.5446 1326.0 188
357.8741 1326.0 188
358.1873 1322.0 188
358.5114 1322.0 188
358.8245 1320.0 188
359.1541 1320.0 188
359.4672 1320.0 188
359.7803 1320.0 188
0.1044 1318.0 188
0.4175 1314.0 188
0.7471 1308.0 188
1.0602 1298.0 188
1.7029 1288.0 188
9.3384 1312.0 188
9.6515 1338.0 188
9.9811 1332.0 188
10.2942 1324.0 188
10.6073 1312.0 188
10.9369 1312.0 188
11.2500 1316.0 188
11.5741 1308.0 188
11.8872 1308.0 188
12.2003 1308.0 188
12.5299 1312.0 188
12.8430 1314.0 188
13.1671 1314.0 188
13.4802 1314.0 188
13.7933 1316.0 188
14.1229 1314.0 188
14.4360 1314.0 188
14.7491 1316.0 188
15.0732 1316.0 188
15.3864 1318.0 188
15.7159 1320.0 188
16.0291 1320.0 188
16.3422 1320.0 188
16.6718 1320.0 188
16.9794 1322.0 188
17.3090 1324.0 188
17.6221 1328.0 188
17.9352 1330.0 188
18.2648 1330.0 188
18.5779 1332.0 188
18.8855 1334.0 188
19.2151 1334.0 188
19.5282 1342.0 188
19.8578 1342.0 188
20.1709 1338.0 188
20.4840 1338.0 188
20.8081 1340.0 188
21.1212 1340.0 188
21.4508 1342.0 188
21.7639 1346.0 188
22.0770 1348.0 188
22.4011 1350.0 188
22.7142 1352.0 188
23.0273 1352.0 188
23.3569 1358.0 188
23.6700 1358.0 188
23.9996 1358.0 188
24.3073 1360.0 188
24.6204 1362.0 188
24.9500 1366.0 188
25.2631 1370.0 188
25.5927 1372.0 188
25.9058 1372.0 188
26.2134 1376.0 188
26.5430 1380.0 188
26.8561 1382.0 188
27.1692 1384.0 188
27.4988 1378.0 188
27.8119 1380.0 188
28.1360 1392.0 188
28.4491 1396.0 188
28.7622 1398.0 188
29.0918 1400.0 188
29.4049 1402.0 188
29.7290 1406.0 188
30.0421 1412.0 188
30.3552 1416.0 188
30.6848 1418.0 188
30.9979 1420.0 188
31.3275 1422.0 188
31.6406 1424.0 188
31.9647 1430.0 188
32.2778 1436.0 188
32.6074 1440.0 188
32.9205 1442.0 188
33.2446 1446.0 188
33.5577 1450.0 188
33.8873 1454.0 188
34.2169 1458.0 188
34.5300 1464.0 188
34.8541 1466.0 188
35.1672 1482.0 188
35.4968 1490.0 188
35.8099 1482.0 188
36.1395 1484.0 188
36.4526 1486.0 188
36.7767 1490.0 188
37.0898 1492.0 188
37.4194 1496.0 188
37.7490 1500.0 188
38.0621 1506.0 188
38.3862 1510.0 188
38.6993 1518.0 188
39.0289 1524.0 188
39.3420 1528.0 188
39.6716 1536.0 188
39.9792 1540.0 188
40.3088 1546.0 188
40.6384 1554.0 188
40.9515 1558.0 188
41.2811 1562.0 188
41.5887 1562.0 188
41.9183 1572.0 188
42.2314 1580.0 188
42.5610 1584.0 188
42.8741 1592.0 188
43.1982 1596.0 188
43.5278 1602.0 188
43.8409 1612.0 188
44.1705 1618.0 188
44.4836 1622.0 188
44.8077 1626.0 188
45.1208 1634.0 188
45.4504 1642.0 188
45.7635 1648.0 188
46.0931 1656.0 188
46.4063 1662.0 188
46.7303 1668.0 188
47.0599 1678.0 188
47.3730 1688.0 188
47.7026 1694.0 188
48.0103 1702.0 188
48.3398 1716.0 188
48.6530 1724.0 188
48.9825 1732.0 188
49.2957 1738.0 188
49.6198 1744.0 188
49.9493 1750.0 188
50.2625 1764.0 188
50.5920 1776.0 188
50.9052 1782.0 188
51.2292 1788.0 188
51.5424 1802.0 188
51.8719 1814.0 188
52.1851 1822.0 188
52.5146 1830.0 188
52.8387 1840.0 188
53.1519 1850.0 188
53.4814 1860.0 188
53.7946 1866.0 188
54.1241 1876.0 188
54.4373 1892.0 188
54.7614 1910.0 188
55.0745 1926.0 188
55.4041 1940.0 188
55.7172 1948.0 188
56.0468 1956.0 188
56.3708 1970.0 188
56.6840 1990.0 188
57.0135 2000.0 188
57.3267 2004.0 188
57.6563 2010.0 188
57.9639 2020.0 188
58.2935 2036.0 188
58.6066 2052.0 188
58.9362 2060.0 188
59.2603 2068.0 188
59.5734 2088.0 188
59.9030 2104.0 188
60.2161 2116.0 188
60.5457 2128.0 188
60.8588 2144.0 188
61.1829 2160.0 188
61.4960 2172.0 188
61.8256 2184.0 188
62.1552 2200.0 188
62.4683 2216.0 188
62.7759 2236.0 188
63.1055 2252.0 188
63.4186 2272.0 188
63.7482 2288.0 188
64.0613 2304.0 188
64.3744 2328.0 188
64.6985 2352.0 188
65.0116 2372.0 188
65.3412 2384.0 188
65.9674 139.0 188
99.4812 260.0 188
99.7943 382.0 188
100.1239 383.0 188
100.4370 383.0 188
101.4038 385.0 188
110.9949 388.0 188
111.3245 393.0 188
111.6376 395.0 188
111.9672 393.0 188
112.2803 391.0 188
112.6044 389.0 188
112.9175 387.0 188
113.2471 386.0 188
113.5602 385.0 188
113.8898 386.0 188
114.2029 386.0 188
114.5270 387.0 188
114.8401 388.0 188
115.1697 389.0 188
115.4828 391.0 188
115.8124 392.0 188
116.1200 395.0 188
116.4496 397.0 188
116.7627 400.0 188
117.0923 403.0 188
117.4054 406.0 188
117.7295 410.0 188
118.0426 415.0 188
118.3722 420.0 188
118.6853 425.0 188
119.0149 428.0 188
119.3280 431.0 188
119.6521 434.0 188
119.9652 435.0 188
120.2948 436.0 188
120.6079 438.0 188
120.9375 439.0 188
121.2451 439.0 188
121.5747 440.0 188
121.8878 441.0 188
122.2174 441.0 188
122.5305 440.0 188
122.8546 440.0 188
123.1677 439.0 188
123.4973 439.0 188
123.8104 438.0 188
124.1235 436.0 188
124.4531 435.0 188
124.7607 434.0 188
125.0903 433.0 188
125.4034 432.0 188
125.7330 431.0 188
126.0461 429.0 188
126.3593 429.0 188
126.6833 428.0 188
126.9965 427.0 188
127.3260 426.0 188
127.6392 426.0 188
127.9688 426.0 188
128.2764 426.0 188
128.5895 426.0 188
128.9191 427.0 188
129.2322 427.0 188
129.5618 428.0 188
129.8749 430.0 188
130.1825 431.0 188
130.5121 433.0 188
130.8252 436.0 188
131.1548 440.0 188
132.1051 449.0 188
136.8896 298.0 188
137.2137 297.0 188
137.5269 296.0 188
137.8564 295.0 188
138.1696 294.0 188
138.4991 287.0 188
138.8123 280.0 188
139.1199 278.0 188
139.4495 278.0 188
139.7626 279.0 188
140.0922 280.0 188
140.4053 281.0 188
140.7294 281.0 188
141.0425 282.0 188
141.3556 283.0 188
141.6852 284.0 188
141.9983 280.0 188
142.3279 271.0 188
142.6355 266.0 188
142.9651 266.0 188
143.2782 268.0 188
143.5913 270.0 188
144.5581 271.0 188
145.2008 289.0 188
145.5139 308.0 188
146.4642 311.0 188
152.8583 3168.0 188
153.1714 3144.0 188
153.4955 3108.0 188
153.8086 3088.0 188
154.1382 3080.0 188
154.4513 3068.0 188
154.7644 3056.0 188
155.0885 3048.0 188
155.4016 3044.0 188
155.7312 3044.0 188
156.0443 3032.0 188
156.3739 3004.0 188
156.6870 2988.0 188
156.9946 2980.0 188
157.3242 2968.0 188
157.6373 2968.0 188
157.9669 2956.0 188
158.2800 2944.0 188
158.6041 2940.0 188
158.9172 2924.0 188
159.2468 2916.0 188
159.5599 2920.0 188
159.8730 2904.0 188
160.2026 2888.0 188
160.5103 2880.0 188
160.8398 2872.0 188
161.1530 2860.0 188
161.4825 2856.0 188
161.7957 2856.0 188
162.1088 2848.0 188
162.4329 2828.0 188
162.7460 2820.0 188
163.0756 2828.0 188
163.3887 2816.0 188
163.7183 2796.0 188
164.0259 2784.0 188
164.3555 2776.0 188
164.6686 2776.0 188
164.9817 2768.0 188
165.3113 2764.0 188
165.6244 2760.0 188
165.9485 2756.0 188
166.2616 2764.0 188
166.5912 2752.0 188
166.9043 2736.0 188
167.2174 2740.0 188
167.5415 2736.0 188
167.8546 2728.0 188
168.1842 2720.0 188
168.4973 2740.0 188
168.8269 2768.0 188
169.1400 2800.0 188
169.4641 2844.0 188
169.7772 2888.0 188
170.0903 2936.0 188
170.4199 2984.0 188
170.7330 3036.0 188
171.0571 3096.0 188
171.3702 3148.0 188
171.6998 3204.0 188
172.0129 3240.0 188
172.3260 3276.0 188
172.6556 3296.0 188
172.9688 3300.0 188
173.2928 3300.0 188
173.6060 3304.0 188
173.9355 3312.0 188
174.2487 3336.0 188
174.5728 3396.0 188
174.8859 3476.0 188
175.1990 3548.0 188
175.5286 3608.0 188
175.8417 3624.0 188
176.1713 3636.0 188
176.4844 3632.0 188
176.8085 3620.0 188
177.1216 3620.0 188
177.4347 3632.0 188
177.7643 3672.0 188
178.0774 3716.0 188
178.4015 3724.0 188
178.7146 3732.0 188
179.0442 3732.0 188
179.3573 3732.0 188
179.6869 3720.0 188
180.0000 3708.0 188
180.3076 3704.0 188
180.6372 3700.0 188
180.9503 3696.0 188
181.2799 3684.0 188
181.5930 3684.0 188
181.9171 3680.0 188
182.2302 3680.0 188
182.5433 3680.0 188
182.8729 3684.0 188
183.1860 3680.0 188
183.5156 3668.0 188
183.8232 3672.0 188
184.1528 3668.0 188
184.4659 3672.0 188
184.7955 3672.0 188
185.1086 3672.0 188
185.4218 3672.0 188
185.7458 3676.0 188
186.0590 3676.0 188
186.3885 3668.0 188
186.7017 3668.0 188
187.0313 3668.0 188
187.3389 3664.0 188
187.6685 3656.0 188
187.9816 3660.0 188
188.3112 3664.0 188
188.6243 3660.0 188
188.9374 3660.0 188
189.2615 3660.0 188
189.5746 3660.0 188
189.9042 3664.0 188
190.2173 3664.0 188
190.5469 3664.0 188
190.8545 3660.0 188
191.1841 3660.0 188
191.4972 3668.0 188
191.8268 3672.0 188
192.1399 3668.0 188
192.4640 3668.0 188
192.7771 3672.0 188
193.0902 3668.0 188
193.4198 3624.0 188
193.7329 3568.0 188
194.0625 3548.0 188
194.3701 3556.0 188
194.6997 3568.0 188
195.0128 3560.0 188
195.3424 3560.0 188
196.2927 3572.0 188
198.5284 191.0 188
198.8580 192.0 188
199.1711 191.0 188
199.4952 191.0 188
199.8083 191.0 188
200.1379 192.0 188
202.6868 3720.0 188
203.0109 3752.0 188
203.3240 3788.0 188
203.6536 3800.0 188
203.9667 3804.0 188
204.2798 3812.0 188
204.6094 3824.0 188
204.9170 3828.0 188
205.2466 3828.0 188
205.5597 3840.0 188
205.8893 3856.0 188
206.2024 3848.0 188
206.5265 3836.0 188
206.8396 3812.0 188
207.8119 3792.0 188
217.7161 3904.0 188
218.0457 4040.0 188
218.3588 4136.0 188
218.6829 4288.0 188
218.9960 4352.0 188
219.3256 4368.0 188
219.6552 4392.0 188
219.9683 4416.0 188
220.2924 4424.0 188
220.6055 4440.0 188
220.9351 4456.0 188
221.2482 4464.0 188
221.5778 4472.0 188
221.8854 4496.0 188
222.2150 4512.0 188
222.5281 4512.0 188
222.8577 4536.0 188
223.1873 4560.0 188
223.4949 4584.0 188
223.8245 4608.0 188
224.1376 4632.0 188
224.4672 4656.0 188
224.7803 4672.0 188
225.1044 4680.0 188
225.4175 4696.0 188
225.7471 4672.0 188
226.0602 4664.0 188
226.3898 4664.0 188
226.7029 4648.0 188
227.0270 4616.0 188
227.3566 4584.0 188
227.6697 4576.0 188
227.9993 4600.0 188
228.3124 4608.0 188
228.6365 4624.0 188
228.9496 4664.0 188
229.2792 4696.0 188
229.5923 4704.0 188
229.9219 4824.0 188
230.2295 4984.0 188
230.5591 5040.0 188
230.8887 5072.0 188
231.2018 5112.0 188
231.5259 5136.0 188
231.8390 5176.0 188
232.1686 5224.0 188
232.4817 5232.0 188
232.8113 5232.0 188
233.1244 5256.0 188
233.4485 5272.0 188
233.7616 5288.0 188
234.0912 5328.0 188
234.4043 5360.0 188
234.7339 5392.0 188
235.0580 5424.0 188
235.3711 5440.0 188
235.7007 5464.0 188
236.0138 5496.0 188
236.3434 5488.0 188
236.6510 5496.0 188
236.9806 5520.0 188
237.2937 5496.0 188
237.6233 5464.0 188
237.9364 5440.0 188
238.2605 5440.0 188
238.5736 5472.0 188
238.9032 5504.0 188
239.2328 5512.0 188
239.5459 5480.0 188
239.8700 5440.0 188
240.1831 5408.0 188
240.5127 5384.0 188
240.8258 5376.0 188
241.1554 5368.0 188
241.4685 5344.0 188
241.7926 5328.0 188
242.1057 5336.0 188
242.4353 5352.0 188
242.7649 5344.0 188
243.0780 5344.0 188
243.4021 5336.0 188
243.7152 5312.0 188
244.0448 5280.0 188
244.3579 5272.0 188
244.6875 5264.0 188
244.9951 5240.0 188
245.3247 5224.0 188
245.6378 5208.0 188
245.9674 5192.0 188
246.2915 5168.0 188
246.6046 5152.0 188
246.9177 5144.0 188
247.2473 5128.0 188
247.5604 5120.0 188
247.8735 5112.0 188
248.2031 5112.0 188
248.5107 5088.0 188
248.8239 5072.0 188
249.1534 5112.0 188
249.4666 5168.0 188
249.7797 5216.0 188
250.1093 5272.0 188
250.4169 5296.0 188
250.7300 5264.0 188
251.0596 5232.0 188
251.3727 5200.0 188
251.6858 5176.0 188
252.0154 5144.0 188
252.3230 5120.0 188
252.6361 5104.0 188
252.9657 5072.0 188
253.2788 5048.0 188
253.5919 5040.0 188
253.9215 5040.0 188
254.2291 5032.0 188
254.5422 5040.0 188
254.8718 5048.0 188
255.1849 6344.0 188
255.5145 6392.0 188
255.8276 6488.0 188
258.6841 7128.0 188
259.3268 7608.0 188
259.6399 7672.0 188
259.9530 7784.0 188
260.5902 7824.0 188
261.5460 8528.0 188
262.4963 8560.0 188
272.0270 13184.0 188
275.8557 14008.0 188
276.1688 13984.0 188
276.8115 14112.0 188
279.9811 13760.0 188
280.6238 13768.0 188
285.3864 10984.0 188
285.6995 11000.0 188
286.3422 11040.0 188
288.5614 7392.0 188
288.8855 7376.0 188
289.1986 7376.0 188
289.5117 7376.0 188
289.8413 6760.0 188
290.1544 6648.0 188
290.4675 6192.0 188
290.7916 6112.0 188
291.1047 5984.0 188
293.0109 5184.0 188
293.3240 5104.0 188
293.6536 4992.0 188
293.9667 4904.0 188
294.2798 4792.0 188
294.6094 4696.0 188
294.9170 4600.0 188
295.2301 4504.0 188
295.5597 4432.0 188
295.8728 4360.0 188
296.2024 4288.0 188
296.5155 4208.0 188
296.8231 4136.0 188
297.1527 4056.0 188
297.4658 4000.0 188
297.7789 3940.0 188
298.1085 3868.0 188
298.4216 3792.0 188
298.7292 3736.0 188
299.0588 3688.0 188
299.3719 3636.0 188
299.6851 3588.0 188
300.0146 3436.0 188
300.3278 3260.0 188
300.6354 3176.0 188
300.9650 3116.0 188
301.2781 3068.0 188
301.5912 3020.0 188
301.9208 2972.0 188
302.2339 2932.0 188
302.5415 2900.0 188
302.8711 2876.0 188
303.1842 2844.0 188
303.4973 2808.0 188
303.8269 2764.0 188
304.1400 2724.0 188
304.4531 2696.0 188
304.7772 2664.0 188
305.0903 2636.0 188
305.4034 2612.0 188
305.7330 2584.0 188
306.0461 2556.0 188
306.3702 2528.0 188
306.6833 2500.0 188
306.9965 2472.0 188
307.3260 2444.0 188
307.6392 2428.0 188
307.9523 2408.0 188
308.2764 2384.0 188
308.5895 2360.0 188
308.9026 2348.0 188
309.2322 2352.0 188
309.5453 2360.0 188
309.8749 2372.0 188
310.1825 2384.0 188
310.4956 2388.0 188
310.8252 2400.0 188
311.1383 2392.0 188
311.4679 2368.0 188
311.7810 2344.0 188
312.0886 2324.0 188
312.4182 2316.0 188
312.7313 2288.0 188
313.0444 2264.0 188
313.3740 2248.0 188
313.6871 2244.0 188
314.0112 2228.0 188
314.3243 2208.0 188
314.6375 2192.0 188
314.9670 2176.0 188
315.2802 2156.0 188
315.6042 2148.0 188
315.9174 2128.0 188
316.2305 2112.0 188
316.5601 2104.0 188
316.8732 2084.0 188
317.1863 2064.0 188
317.5104 2056.0 188
317.8235 2044.0 188
318.1531 2028.0 188
318.4662 2006.0 188
318.7793 1988.0 188
319.1089 1974.0 188
319.4165 1974.0 188
319.7461 1984.0 188
320.0592 1956.0 188
320.3723 1950.0 188
320.7019 1982.0 188
321.0150 1992.0 188
321.3281 2000.0 188
321.6522 2010.0 188
321.9653 2022.0 188
322.2949 2034.0 188
322.6080 2040.0 188
322.9211 2048.0 188
323.2452 2056.0 188
323.5583 2068.0 188
323.8879 2068.0 188
324.2010 2056.0 188
324.5142 2044.0 188
324.8438 2034.0 188
325.1514 2026.0 188
325.4645 2014.0 188
325.7941 2004.0 188
326.1072 1994.0 188
326.4368 1986.0 188
326.7499 1976.0 188
327.0575 1968.0 188
327.3871 1956.0 188
327.7002 1944.0 188
328.0298 1938.0 188
328.3429 1934.0 188
328.6560 1926.0 188
328.9801 1912.0 188
329.2932 1902.0 188
329.6063 1896.0 188
329.9359 1886.0 188
330.2490 1876.0 188
330.5731 1868.0 188
330.8862 1860.0 188
331.1993 1856.0 188
331.5289 1848.0 188
331.8420 1838.0 188
332.1716 1830.0 188
332.4792 1822.0 188
332.7924 1816.0 188
333.1219 1810.0 188
333.4351 1804.0 188
333.7482 1798.0 188
334.0778 1790.0 188
334.3854 1782.0 188
334.7150 1774.0 188
335.0281 1768.0 188
335.3412 1764.0 188
335.6708 1756.0 188
335.9839 1754.0 188
336.3080 1748.0 188
336.6211 1742.0 188
336.9342 1734.0 188
337.2638 1724.0 188
337.5769 1720.0 188
337.9010 1718.0 188
338.2141 1716.0 188
338.5272 1710.0 188
338.8568 1704.0 188
339.1699 1696.0 188
339.4830 1690.0 188
339.8071 1684.0 188
340.1202 1680.0 188
340.4333 1680.0 188
340.7629 1676.0 188
341.0760 1666.0 188
341.3892 1660.0 188
341.7188 1656.0 188
342.0264 1654.0 188
342.3395 1648.0 188
342.6691 1642.0 188
342.9822 1640.0 188
343.2953 1638.0 188
343.6249 1636.0 188
343.9325 1530.0 188
344.2456 1420.0 188
344.5752 1414.0 188
344.8883 1408.0 188
345.2014 1406.0 188
345.5310 1402.0 188
345.8386 1378.0 188
346.1517 1376.0 188
346.4813 1400.0 188
346.7944 1398.0 188
347.1240 1394.0 188
347.4371 1394.0 188
348.3875 1400.0 188
350.6067 147.0 188
350.9363 147.0 188
351.2494 148.0 188
351.5625 149.0 188
