#RPLIDAR SCAN DATA
#COUNT=766
#Angule	Distance	Quality
352.1832 151.0 188
356.6217 1558.0 188
356.9513 1558.0 188
357.2644 1560.0 188
357.5775 1556.0 188
357.9016 1552.0 188
358.2147 1550.0 188
358.5278 1548.0 188
358.8574 1546.0 188
359.1705 1546.0 188
359.4836 1544.0 188
359.8077 1538.0 188
0.1208 1534.0 188
0.4340 1528.0 188
0.7635 1522.0 188
1.0767 1514.0 188
1.3898 1498.0 188
1.7139 1488.0 188
9.3109 1412.0 188
9.6240 1332.0 188
9.9371 1326.0 188
10.2612 1316.0 188
10.5743 1306.0 188
10.8875 1298.0 188
11.2006 1294.0 188
11.5302 1290.0 188
11.8433 1290.0 188
12.1509 1290.0 188
12.4640 1288.0 188
12.7771 1288.0 188
13.1067 1286.0 188
13.4198 1286.0 188
13.7329 1288.0 188
14.0460 1286.0 188
14.3701 1286.0 188
14.6832 1286.0 188
14.9963 1284.0 188
15.3094 1286.0 188
15.6390 1286.0 188
15.9521 1284.0 188
16.2653 1282.0 188
16.5729 1284.0 188
16.9025 1284.0 188
17.2156 1286.0 188
17.5287 1286.0 188
17.8418 1284.0 188
18.1714 1284.0 188
18.4790 1284.0 188
18.7921 1282.0 188
19.1052 1280.0 188
19.4183 1280.0 188
19.7479 1282.0 188
20.0610 1282.0 188
20.3741 1284.0 188
20.6873 1284.0 188
21.0114 1284.0 188
21.3245 1284.0 188
21.6376 1284.0 188
21.9507 1284.0 188
22.2803 1286.0 188
22.5934 1288.0 188
22.9010 1288.0 188
23.2141 1290.0 188
23.5437 1290.0 188
23.8568 1290.0 188
24.1699 1298.0 188
24.4830 1296.0 188
24.8071 1292.0 188
25.1202 1294.0 188
25.4333 1296.0 188
25.7465 1296.0 188
26.0760 1296.0 188
26.3892 1296.0 188
26.7023 1298.0 188
27.0154 1298.0 188
27.3230 1298.0 188
27.6526 1298.0 188
27.9657 1300.0 188
28.2788 1302.0 188
28.5919 1304.0 188
28.9215 1306.0 188
29.2291 1308.0 188
29.5422 1310.0 188
29.8553 1312.0 188
30.1849 1314.0 188
30.4980 1316.0 188
30.8112 1316.0 188
31.1243 1318.0 188
31.4484 1318.0 188
31.7615 1320.0 188
32.0746 1322.0 188
32.3877 1324.0 188
32.7173 1336.0 188
33.0304 1338.0 188
33.3435 1328.0 188
33.6511 1334.0 188
33.9807 1336.0 188
34.2938 1336.0 188
34.6234 1338.0 188
34.9365 1338.0 188
35.2606 1344.0 188
35.5737 1348.0 188
35.9033 1348.0 188
36.2164 1348.0 188
36.5460 1350.0 188
36.8591 1354.0 188
37.1832 1358.0 188
37.4963 1360.0 188
37.8259 1362.0 188
38.1390 1366.0 188
38.4686 1370.0 188
38.7762 1372.0 188
39.1058 1374.0 188
39.4189 1374.0 188
39.7485 1378.0 188
40.0616 1386.0 188
40.3857 1390.0 188
40.6989 1390.0 188
41.0284 1392.0 188
41.3580 1396.0 188
41.6711 1398.0 188
41.9952 1400.0 188
42.3083 1404.0 188
42.6379 1410.0 188
42.9510 1414.0 188
43.2806 1416.0 188
43.5938 1420.0 188
43.9178 1424.0 188
44.2310 1428.0 188
44.5605 1432.0 188
44.8737 1438.0 188
45.1978 1442.0 188
45.5109 1444.0 188
45.8405 1450.0 188
46.1536 1454.0 188
46.4832 1458.0 188
46.7963 1464.0 188
47.1204 1466.0 188
47.4335 1468.0 188
47.7631 1472.0 188
48.0762 1490.0 188
48.4058 1498.0 188
48.7134 1492.0 188
49.0430 1494.0 188
49.3726 1496.0 188
49.6857 1502.0 188
50.0153 1506.0 188
50.3229 1508.0 188
50.6525 1518.0 188
50.9656 1524.0 188
51.2952 1530.0 188
51.6083 1534.0 188
51.9324 1538.0 188
52.2455 1544.0 188
52.5751 1552.0 188
52.8882 1560.0 188
53.2178 1566.0 188
53.5309 1570.0 188
53.8550 1576.0 188
54.1681 1584.0 188
54.4977 1602.0 188
54.8108 1608.0 188
55.1404 1606.0 188
55.4480 1614.0 188
55.7776 1618.0 188
56.0907 1624.0 188
56.4203 1630.0 188
56.7334 1636.0 188
57.0575 1644.0 188
57.3871 1652.0 188
57.7002 1660.0 188
58.0298 1662.0 188
58.3429 1670.0 188
58.6670 1682.0 188
58.9801 1690.0 188
59.3097 1698.0 188
59.6228 1706.0 188
59.9524 1716.0 188
60.2655 1726.0 188
60.5896 1734.0 188
60.9027 1742.0 188
61.2323 1752.0 188
61.5454 1764.0 188
61.8750 1774.0 188
62.1826 1784.0 188
62.5122 1792.0 188
62.8253 1804.0 188
63.1549 1816.0 188
63.4680 1822.0 188
63.7921 1830.0 188
64.1052 1846.0 188
64.4348 1858.0 188
64.7644 1864.0 188
65.7147 1880.0 188
97.9980 341.0 188
98.3112 342.0 188
98.6353 343.0 188
98.9484 344.0 188
99.2615 344.0 188
99.5911 344.0 188
99.9042 343.0 188
100.2338 343.0 188
100.5469 343.0 188
100.8545 343.0 188
101.1841 341.0 188
101.4972 339.0 188
102.1399 337.0 188
113.2965 345.0 188
113.6206 352.0 188
113.9337 348.0 188
114.2633 344.0 188
114.5764 340.0 188
114.8895 337.0 188
115.2136 335.0 188
115.5267 334.0 188
115.8563 334.0 188
116.1694 333.0 188
116.4825 334.0 188
116.8121 334.0 188
117.1198 335.0 188
117.4493 336.0 188
117.7625 337.0 188
118.0756 338.0 188
118.4052 340.0 188
118.7183 342.0 188
119.0424 344.0 188
119.3555 346.0 188
119.6686 348.0 188
119.9982 351.0 188
120.3113 354.0 188
120.6354 356.0 188
120.9485 358.0 188
121.2616 360.0 188
121.5912 362.0 188
121.9043 363.0 188
122.2339 365.0 188
122.5415 366.0 188
122.8546 368.0 188
123.1842 369.0 188
123.4973 371.0 188
123.8269 372.0 188
124.1400 373.0 188
124.4641 375.0 188
124.7772 376.0 188
125.0903 378.0 188
125.4199 379.0 188
125.7330 380.0 188
126.0571 382.0 188
126.3702 384.0 188
126.6833 386.0 188
127.0129 388.0 188
127.3260 391.0 188
127.6392 396.0 188
127.9688 404.0 188
136.8732 354.0 188
137.2028 299.0 188
137.5104 298.0 188
137.8235 296.0 188
138.1531 296.0 188
138.4662 290.0 188
138.7958 282.0 188
139.1089 279.0 188
139.4165 278.0 188
139.7461 279.0 188
140.0592 280.0 188
140.3723 281.0 188
140.7019 282.0 188
141.0150 283.0 188
141.3391 284.0 188
141.6522 284.0 188
141.9653 275.0 188
142.2949 267.0 188
142.6080 266.0 188
142.9211 267.0 188
143.2452 268.0 188
143.5583 270.0 188
143.8879 271.0 188
144.2010 273.0 188
145.4645 292.0 188
145.7941 312.0 188
146.1072 317.0 188
153.1055 3712.0 188
153.4351 3680.0 188
153.7482 3640.0 188
154.0778 3616.0 188
154.3854 3576.0 188
154.6985 3552.0 188
155.0281 3536.0 188
155.3412 3528.0 188
155.6543 3512.0 188
155.9839 3500.0 188
156.2915 3496.0 188
156.6211 3480.0 188
156.9342 3452.0 188
157.2473 3432.0 188
157.5769 3416.0 188
157.8900 3388.0 188
158.2031 3372.0 188
158.5272 3360.0 188
158.8403 3348.0 188
159.1699 3332.0 188
159.4830 3316.0 188
159.7961 3304.0 188
160.1202 3288.0 188
160.4333 3272.0 188
160.7465 3252.0 188
161.0760 3240.0 188
161.3892 3228.0 188
161.7188 3212.0 188
162.0264 3200.0 188
162.3395 3192.0 188
162.6691 3176.0 188
162.9822 3168.0 188
163.2953 3152.0 188
163.6249 3136.0 188
163.9325 3120.0 188
164.2621 3108.0 188
164.5752 3092.0 188
164.8883 3080.0 188
165.2179 3076.0 188
165.5310 3068.0 188
165.8386 3056.0 188
166.1682 3048.0 188
166.4813 3044.0 188
166.8109 3036.0 188
167.1240 3020.0 188
167.4371 3012.0 188
167.7612 3000.0 188
168.0743 2984.0 188
168.3875 2988.0 188
168.7170 2976.0 188
169.0302 2956.0 188
169.3542 2948.0 188
169.6674 2944.0 188
169.9805 2936.0 188
170.3101 2932.0 188
170.6232 2920.0 188
170.9363 2904.0 188
171.2604 2892.0 188
171.5735 2876.0 188
171.9031 2880.0 188
172.2162 2872.0 188
172.5293 2856.0 188
172.8589 2852.0 188
173.1665 2848.0 188
173.4796 2844.0 188
173.8092 2848.0 188
174.1223 2872.0 188
174.4519 2904.0 188
174.7650 2932.0 188
175.0781 2972.0 188
175.4022 3004.0 188
175.7153 3036.0 188
176.0284 3080.0 188
176.3580 3120.0 188
176.6711 3168.0 188
176.9952 3216.0 188
177.3083 3256.0 188
177.6215 3296.0 188
177.9510 3340.0 188
178.2642 3380.0 188
178.5773 3396.0 188
178.9014 3392.0 188
179.2145 3396.0 188
179.5441 3400.0 188
179.8572 3392.0 188
180.1703 3404.0 188
180.4999 3448.0 188
180.8075 3508.0 188
181.1206 3568.0 188
181.4502 3620.0 188
181.7633 3676.0 188
182.0929 3708.0 188
182.4060 3708.0 188
182.7136 3700.0 188
183.0432 3692.0 188
183.3563 3684.0 188
183.6694 3692.0 188
183.9990 3732.0 188
184.3121 3772.0 188
184.6362 3784.0 188
184.9493 3792.0 188
185.2625 3784.0 188
185.5920 3780.0 188
185.9052 3776.0 188
186.2183 3768.0 188
186.5424 3780.0 188
186.8555 3780.0 188
187.1851 3764.0 188
187.4982 3760.0 188
187.8113 3756.0 188
188.1354 3748.0 188
188.4485 3744.0 188
188.7781 3736.0 188
189.0912 3736.0 188
189.4208 3732.0 188
189.7339 3728.0 188
190.0415 3724.0 188
190.3711 3716.0 188
190.6842 3720.0 188
191.0138 3716.0 188
191.3269 3716.0 188
191.6510 3708.0 188
191.9641 3700.0 188
192.2772 3700.0 188
192.6068 3700.0 188
192.9199 3700.0 188
193.2495 3700.0 188
193.5571 3700.0 188
193.8702 3696.0 188
194.1998 3692.0 188
194.5129 3692.0 188
194.8425 3692.0 188
195.1556 3696.0 188
195.7928 3700.0 188
198.6713 190.0 188
198.9844 190.0 188
199.3085 191.0 188
199.6216 191.0 188
199.9512 192.0 188
200.5774 189.0 188
202.8076 3560.0 188
203.1372 3560.0 188
203.4503 3560.0 188
203.7799 3624.0 188
204.0930 3692.0 188
204.4171 3696.0 188
204.7302 3696.0 188
205.0433 3704.0 188
205.3729 3708.0 188
205.6860 3712.0 188
206.0156 3716.0 188
206.3232 3704.0 188
206.6528 3696.0 188
206.9659 3684.0 188
207.2791 3652.0 188
213.9807 3984.0 188
214.3103 3960.0 188
214.6234 3928.0 188
214.9530 3916.0 188
215.2606 3904.0 188
215.5902 3904.0 188
215.9033 3916.0 188
216.2164 3924.0 188
216.5460 3932.0 188
216.8591 3948.0 188
217.1832 3860.0 188
217.4963 3748.0 188
217.8259 3756.0 188
221.3251 3808.0 188
221.6382 3848.0 188
221.9678 3848.0 188
222.2809 3848.0 188
222.6050 3844.0 188
222.9181 3856.0 188
223.2312 3884.0 188
223.5608 3896.0 188
223.8739 3908.0 188
224.1980 3916.0 188
224.5111 3920.0 188
224.8242 3940.0 188
225.1538 4040.0 188
225.4669 4168.0 188
225.7965 4224.0 188
226.1041 4240.0 188
226.4337 4256.0 188
226.7468 4264.0 188
227.0599 4272.0 188
227.3895 4296.0 188
227.7026 4304.0 188
228.0267 4320.0 188
228.3398 4352.0 188
228.6530 4368.0 188
228.9825 4384.0 188
229.2957 4400.0 188
229.6198 4416.0 188
229.9329 4424.0 188
230.2460 4448.0 188
230.5756 4464.0 188
230.8887 4472.0 188
231.2183 4480.0 188
231.5259 4488.0 188
231.8390 4496.0 188
232.1686 4512.0 188
232.4817 4528.0 188
232.8113 4544.0 188
233.1244 4552.0 188
233.4375 4536.0 188
233.7616 4536.0 188
234.0747 4512.0 188
234.4043 4488.0 188
234.7174 4464.0 188
235.0305 4448.0 188
235.3546 4448.0 188
235.6677 4456.0 188
235.9973 4488.0 188
236.3104 4520.0 188
236.6400 4528.0 188
236.9531 4528.0 188
237.2607 4544.0 188
237.5903 4672.0 188
237.9034 4824.0 188
238.2330 4880.0 188
238.5461 4904.0 188
238.8593 4912.0 188
239.1833 4936.0 188
239.4965 4952.0 188
239.8260 4984.0 188
240.1392 5016.0 188
240.4523 5032.0 188
240.7764 5080.0 188
241.0895 5112.0 188
241.4191 5128.0 188
241.7322 5168.0 188
242.0453 5200.0 188
242.3749 5232.0 188
242.6825 5248.0 188
243.0121 5240.0 188
243.3252 5256.0 188
243.6383 5288.0 188
243.9679 5328.0 188
244.2810 5336.0 188
244.6051 5328.0 188
244.9182 5336.0 188
245.2313 5336.0 188
245.5609 5320.0 188
245.8740 5304.0 188
246.1981 5288.0 188
246.5112 5296.0 188
246.8408 5320.0 188
247.1539 5328.0 188
247.4670 5320.0 188
247.7966 5312.0 188
248.1042 5288.0 188
248.4338 5280.0 188
248.7469 5272.0 188
249.0601 5256.0 188
249.3896 5224.0 188
249.7028 5184.0 188
250.0104 5152.0 188
250.3400 5152.0 188
250.6531 5184.0 188
250.9662 5192.0 188
251.2958 5176.0 188
251.6089 5160.0 188
251.9165 5136.0 188
252.2461 5120.0 188
252.5592 5112.0 188
252.8723 5088.0 188
253.2019 5064.0 188
253.5150 5040.0 188
253.8281 5008.0 188
254.1522 4984.0 188
254.4653 4968.0 188
254.7784 4952.0 188
255.1080 4920.0 188
255.4211 4904.0 188
255.7343 4888.0 188
256.0583 4872.0 188
256.3715 4856.0 188
256.6846 4848.0 188
257.0142 4848.0 188
257.3273 4888.0 188
257.6514 4944.0 188
257.9645 4968.0 188
258.2776 5000.0 188
258.6072 5048.0 188
258.9203 5064.0 188
259.2334 5040.0 188
259.5575 5016.0 188
259.8706 4976.0 188
260.1837 4936.0 188
260.5133 4912.0 188
260.8264 4888.0 188
261.1395 4856.0 188
261.4636 4856.0 188
261.7767 4856.0 188
262.0898 4856.0 188
262.4194 4848.0 188
262.7325 4832.0 188
263.0457 4832.0 188
263.6829 4816.0 188
263.9960 6056.0 188
264.3256 6104.0 188
264.6387 6192.0 188
265.5890 6264.0 188
266.5448 6624.0 188
266.8579 6648.0 188
267.4951 6960.0 188
267.8247 7008.0 188
268.1378 7088.0 188
268.4509 7152.0 188
268.7805 7264.0 188
269.4012 7728.0 188
269.7308 7728.0 188
270.3571 7760.0 188
271.3074 8400.0 188
273.2135 9488.0 188
276.0754 9488.0 188
280.8545 13104.0 188
281.1676 13096.0 188
281.8103 13072.0 188
285.9521 13624.0 188
286.5729 13672.0 188
289.7644 13760.0 188
290.0775 13104.0 188
290.4016 13728.0 188
291.3574 13840.0 188
295.4828 10728.0 188
295.8124 10792.0 188
296.1200 10824.0 188
297.0758 10696.0 188
298.9819 7144.0 188
299.3115 7136.0 188
299.6246 7104.0 188
299.9487 7072.0 188
300.2618 6384.0 188
300.5750 6280.0 188
300.9045 6104.0 188
301.5308 5696.0 188
301.8549 5664.0 188
302.8107 5312.0 188
303.1238 5176.0 188
303.7610 4872.0 188
304.0741 4848.0 188
304.4037 4752.0 188
304.7168 4640.0 188
305.0299 4536.0 188
305.3540 4464.0 188
305.6671 4400.0 188
305.9802 4312.0 188
306.3098 4232.0 188
306.6229 4176.0 188
306.9525 4096.0 188
307.2656 4016.0 188
307.5732 3960.0 188
307.9028 3884.0 188
308.2159 3808.0 188
308.5291 3748.0 188
308.8586 3704.0 188
309.1718 3660.0 188
309.4958 3600.0 188
309.8090 3532.0 188
310.1221 3480.0 188
310.4352 3444.0 188
310.7648 3404.0 188
311.0779 3356.0 188
311.3855 3300.0 188
311.7151 3148.0 188
312.0282 2964.0 188
312.3413 2892.0 188
312.6544 2868.0 188
312.9840 2836.0 188
313.2916 2800.0 188
313.6047 2760.0 188
313.9178 2724.0 188
314.2474 2692.0 188
314.5605 2652.0 188
314.8737 2624.0 188
315.1978 2600.0 188
315.5109 2568.0 188
315.8240 2544.0 188
316.1371 2516.0 188
316.4667 2492.0 188
316.7798 2468.0 188
317.0929 2440.0 188
317.4170 2416.0 188
317.7301 2388.0 188
318.0432 2364.0 188
318.3563 2340.0 188
318.6859 2312.0 188
318.9990 2296.0 188
319.3121 2276.0 188
319.6362 2256.0 188
319.9493 2240.0 188
320.2625 2220.0 188
320.5756 2196.0 188
320.9052 2184.0 188
321.2183 2168.0 188
321.5259 2148.0 188
321.8555 2128.0 188
322.1686 2120.0 188
322.4817 2124.0 188
322.7948 2132.0 188
323.1244 2140.0 188
323.4375 2144.0 188
323.7451 2152.0 188
324.0582 2156.0 188
324.3878 2160.0 188
324.7009 2156.0 188
325.0140 2140.0 188
325.3436 2124.0 188
325.6512 2112.0 188
325.9644 2104.0 188
326.2775 2088.0 188
326.6071 2068.0 188
326.9202 2056.0 188
327.2333 2042.0 188
327.5574 2024.0 188
327.8705 2012.0 188
328.1836 2004.0 188
328.4967 1990.0 188
328.8263 1976.0 188
329.1394 1962.0 188
329.4525 1950.0 188
329.7766 1936.0 188
330.0897 1926.0 188
330.4028 1912.0 188
330.7159 1898.0 188
331.0455 1888.0 188
331.3586 1878.0 188
331.6718 1868.0 188
331.9958 1856.0 188
332.3090 1842.0 188
332.6221 1836.0 188
332.9352 1828.0 188
333.2648 1812.0 188
333.5779 1796.0 188
333.8855 1782.0 188
334.1986 1768.0 188
334.5282 1762.0 188
334.8413 1770.0 188
335.1544 1778.0 188
335.4840 1802.0 188
335.7916 1802.0 188
336.1047 1786.0 188
336.4178 1794.0 188
336.7474 1802.0 188
337.0605 1812.0 188
337.3737 1820.0 188
337.6978 1832.0 188
338.0109 1846.0 188
338.3240 1858.0 188
338.6371 1864.0 188
338.9667 1874.0 188
339.2798 1880.0 188
339.5929 1868.0 188
339.9170 1858.0 188
340.2301 1856.0 188
340.5432 1846.0 188
340.8728 1836.0 188
341.1859 1826.0 188
341.4990 1818.0 188
341.8231 1814.0 188
342.1362 1810.0 188
342.4493 1802.0 188
342.7789 1792.0 188
343.0920 1786.0 188
343.4052 1778.0 188
343.7292 1774.0 188
344.0424 1768.0 188
344.3555 1762.0 188
344.6851 1756.0 188
344.9982 1752.0 188
345.3113 1740.0 188
345.6354 1728.0 188
345.9485 1724.0 188
346.2616 1720.0 188
346.5912 1718.0 188
346.9043 1712.0 188
347.2174 1704.0 188
347.5415 1702.0 188
348.4973 1714.0 188
350.7166 150.0 188
351.0297 150.0 188
351.3593 149.0 188
