#RPLIDAR SCAN DATA
#COUNT=766
#Angule	Distance	Quality
356.5448 1454.0 188
356.8744 1454.0 188
357.1875 1450.0 188
357.4951 1450.0 188
357.8247 1450.0 188
358.1378 1450.0 188
358.4509 1448.0 188
358.7805 1448.0 188
359.0936 1446.0 188
359.4177 1446.0 188
359.7308 1444.0 188
0.0439 1440.0 188
0.3735 1438.0 188
0.6866 1434.0 188
0.9998 1426.0 188
1.3239 1418.0 188
1.9666 1414.0 188
9.2450 1446.0 188
9.5746 1480.0 188
9.8877 1474.0 188
10.2008 1464.0 188
10.5139 1458.0 188
10.8435 1454.0 188
11.1511 1448.0 188
11.4642 1446.0 188
11.7938 1446.0 188
12.1069 1444.0 188
12.4200 1444.0 188
12.7332 1448.0 188
13.0573 1452.0 188
13.3704 1450.0 188
13.6835 1450.0 188
14.0131 1448.0 188
14.3262 1504.0 188
15.2765 1318.0 188
15.9027 1296.0 188
16.2323 1272.0 188
16.5454 1270.0 188
16.8585 1270.0 188
17.1826 1270.0 188
17.4957 1272.0 188
17.8088 1272.0 188
18.1219 1280.0 188
18.4515 1290.0 188
18.7646 1292.0 188
19.0778 1292.0 188
19.4019 1296.0 188
19.7150 1296.0 188
20.0281 1298.0 188
20.3412 1300.0 188
20.6708 1300.0 188
20.9839 1302.0 188
21.2915 1306.0 188
21.6211 1310.0 188
21.9342 1312.0 188
22.2473 1312.0 188
22.5604 1314.0 188
22.8900 1318.0 188
23.2031 1318.0 188
23.5107 1320.0 188
23.8403 1320.0 188
24.1534 1322.0 188
24.4666 1328.0 188
24.7797 1330.0 188
25.1093 1332.0 188
25.4169 1336.0 188
25.7300 1338.0 188
26.0596 1344.0 188
26.3727 1352.0 188
26.6858 1348.0 188
27.0154 1348.0 188
27.3230 1350.0 188
27.6361 1354.0 188
27.9492 1356.0 188
28.2788 1360.0 188
28.5919 1364.0 188
28.9050 1368.0 188
29.2291 1372.0 188
29.5422 1374.0 188
29.8553 1374.0 188
30.1685 1380.0 188
30.4980 1386.0 188
30.8112 1390.0 188
31.1243 1394.0 188
31.4484 1398.0 188
31.7615 1398.0 188
32.0746 1400.0 188
32.4042 1408.0 188
32.7173 1414.0 188
33.0469 1414.0 188
33.3545 1420.0 188
33.6841 1432.0 188
33.9972 1440.0 188
34.3268 1434.0 188
34.6399 1436.0 188
34.9640 1440.0 188
35.2936 1444.0 188
35.6067 1448.0 188
35.9363 1450.0 188
36.2494 1456.0 188
36.5735 1462.0 188
36.8866 1468.0 188
37.2162 1470.0 188
37.5293 1474.0 188
37.8589 1480.0 188
38.1665 1488.0 188
38.4961 1494.0 188
38.8257 1498.0 188
39.1388 1504.0 188
39.4684 1508.0 188
39.7760 1510.0 188
40.1056 1518.0 188
40.4187 1532.0 188
40.7483 1536.0 188
41.0614 1534.0 188
41.3855 1540.0 188
41.7151 1548.0 188
42.0282 1554.0 188
42.3578 1564.0 188
42.6709 1568.0 188
42.9950 1572.0 188
43.3081 1582.0 188
43.6377 1590.0 188
43.9508 1594.0 188
44.2804 1602.0 188
44.6045 1612.0 188
44.9176 1618.0 188
45.2472 1622.0 188
45.5603 1628.0 188
45.8899 1638.0 188
46.2030 1644.0 188
46.5271 1650.0 188
46.8402 1658.0 188
47.1698 1668.0 188
47.4829 1674.0 188
47.8125 1682.0 188
48.1366 1694.0 188
48.4497 1702.0 188
48.7793 1708.0 188
49.0924 1714.0 188
49.4165 1724.0 188
49.7296 1734.0 188
50.0592 1742.0 188
50.3723 1752.0 188
50.7019 1766.0 188
51.0260 1774.0 188
51.3391 1782.0 188
51.6687 1792.0 188
51.9818 1806.0 188
52.3114 1818.0 188
52.6245 1826.0 188
52.9486 1834.0 188
53.2617 1848.0 188
53.5913 1858.0 188
53.9209 1868.0 188
54.2340 1880.0 188
54.5581 1894.0 188
54.8712 1910.0 188
55.2008 1924.0 188
55.5139 1940.0 188
55.8435 1950.0 188
56.1511 1962.0 188
56.4807 1978.0 188
56.7938 1992.0 188
57.1234 2006.0 188
57.4530 2012.0 188
57.7606 2018.0 188
58.0902 2032.0 188
58.4033 2048.0 188
58.7329 2064.0 188
59.3701 2084.0 188
106.0291 372.0 188
106.3586 370.0 188
106.6718 368.0 188
106.9794 366.0 188
107.3090 365.0 188
107.6221 364.0 188
107.9517 364.0 188
108.2648 364.0 188
108.5889 366.0 188
108.9020 367.0 188
109.2316 369.0 188
109.5447 370.0 188
109.8578 372.0 188
110.1874 375.0 188
110.4950 378.0 188
110.8246 382.0 188
111.1377 386.0 188
111.4673 390.0 188
111.7804 393.0 188
112.0935 397.0 188
112.4176 400.0 188
112.7307 403.0 188
113.0603 406.0 188
113.3734 408.0 188
113.7030 411.0 188
114.0106 413.0 188
114.3402 415.0 188
114.6533 417.0 188
114.9664 418.0 188
115.2960 420.0 188
115.6091 421.0 188
115.9332 422.0 188
116.2463 423.0 188
116.5759 423.0 188
116.8890 424.0 188
117.2021 424.0 188
117.5262 424.0 188
117.8394 424.0 188
118.1689 423.0 188
118.4821 422.0 188
118.8116 421.0 188
119.1248 419.0 188
119.4489 417.0 188
119.7620 415.0 188
120.0751 413.0 188
120.4047 411.0 188
120.7178 410.0 188
121.0419 408.0 188
121.3550 406.0 188
121.6846 405.0 188
121.9977 404.0 188
122.3108 403.0 188
122.6404 402.0 188
122.9480 402.0 188
123.2776 402.0 188
123.5907 402.0 188
123.9203 403.0 188
124.2334 402.0 188
124.5575 402.0 188
124.8706 402.0 188
125.1837 402.0 188
125.5133 402.0 188
125.8264 403.0 188
126.1395 403.0 188
126.4636 403.0 188
126.7767 404.0 188
127.1063 404.0 188
127.4194 405.0 188
127.7325 406.0 188
128.0621 408.0 188
128.3698 409.0 188
128.6829 410.0 188
129.0125 412.0 188
129.3256 415.0 188
129.6552 418.0 188
129.9683 422.0 188
130.2759 429.0 188
136.3239 4028.0 188
136.6534 4016.0 188
136.9666 3992.0 188
137.2961 3976.0 188
137.9169 301.0 188
138.2465 300.0 188
138.5596 299.0 188
138.8727 299.0 188
139.2023 294.0 188
139.5154 286.0 188
139.8395 282.0 188
140.1526 281.0 188
140.4657 281.0 188
140.7953 282.0 188
141.1084 283.0 188
141.4215 285.0 188
141.7456 286.0 188
142.0587 287.0 188
142.3883 280.0 188
142.7014 273.0 188
143.0145 271.0 188
143.3386 270.0 188
143.6517 269.0 188
143.9648 270.0 188
144.2944 272.0 188
144.6075 274.0 188
145.5579 276.0 188
152.8857 3160.0 188
153.1989 3152.0 188
153.5284 3144.0 188
153.8416 3152.0 188
154.1547 3188.0 188
154.4843 3220.0 188
154.7919 3248.0 188
155.1215 3276.0 188
155.4346 3304.0 188
155.7477 3328.0 188
156.0773 3360.0 188
156.3904 3396.0 188
156.7145 3432.0 188
157.0276 3464.0 188
157.3407 3484.0 188
157.6703 3508.0 188
157.9834 3556.0 188
158.2965 3596.0 188
158.6206 3632.0 188
158.9337 3656.0 188
159.2633 3652.0 188
159.5764 3640.0 188
159.8895 3628.0 188
160.2136 3632.0 188
160.5267 3644.0 188
160.8563 3684.0 188
161.1694 3728.0 188
161.4825 3760.0 188
161.8121 3804.0 188
162.1198 3864.0 188
162.4493 3904.0 188
162.7625 3916.0 188
163.0756 3916.0 188
163.4052 3908.0 188
163.7183 3888.0 188
164.0424 3880.0 188
164.3555 3904.0 188
164.6686 3944.0 188
164.9982 3972.0 188
165.3113 3980.0 188
165.6354 3988.0 188
165.9485 3996.0 188
166.2616 3988.0 188
166.5912 3984.0 188
166.9043 3988.0 188
167.2339 3972.0 188
167.5415 3952.0 188
167.8546 3948.0 188
168.1842 3936.0 188
168.4973 3928.0 188
168.8269 3924.0 188
169.1400 3916.0 188
169.4531 3916.0 188
169.7772 3900.0 188
170.0903 3888.0 188
170.4199 3888.0 188
170.7330 3880.0 188
171.0461 3872.0 188
171.3702 3864.0 188
171.6833 3864.0 188
171.9965 3864.0 188
172.3260 3856.0 188
172.6392 3844.0 188
172.9688 3840.0 188
173.2764 3836.0 188
173.5895 3844.0 188
173.9191 3840.0 188
174.2322 3824.0 188
174.5618 3824.0 188
174.8749 3824.0 188
175.1825 3812.0 188
175.5121 3812.0 188
175.8252 3820.0 188
176.1548 3816.0 188
176.4679 3812.0 188
176.7810 3812.0 188
177.1051 3808.0 188
177.4182 3800.0 188
177.7478 3796.0 188
178.0609 3792.0 188
178.3740 3780.0 188
178.6981 3764.0 188
179.0112 3732.0 188
179.3408 3672.0 188
179.6539 3640.0 188
179.9670 3632.0 188
180.2966 3636.0 188
180.6042 3632.0 188
180.9338 3620.0 188
181.2469 3624.0 188
181.5601 3624.0 188
181.8896 3612.0 188
182.2028 3604.0 188
182.5269 3600.0 188
182.8400 3600.0 188
183.1531 3604.0 188
183.4827 3648.0 188
183.7958 3692.0 188
184.1199 3700.0 188
184.4330 3704.0 188
184.7461 3700.0 188
185.0757 3696.0 188
185.3888 3696.0 188
185.7184 3692.0 188
186.0260 3696.0 188
186.3556 3696.0 188
186.6687 3696.0 188
186.9983 3696.0 188
187.3114 3696.0 188
187.6355 3700.0 188
187.9486 3712.0 188
188.2782 3720.0 188
188.5913 3708.0 188
188.9209 3704.0 188
189.2340 3704.0 188
189.5581 3716.0 188
189.8712 3724.0 188
190.2008 3720.0 188
190.5304 3720.0 188
190.8435 3712.0 188
191.1676 3716.0 188
191.4807 3724.0 188
191.8103 3724.0 188
192.1234 3724.0 188
192.4530 3724.0 188
192.7606 3728.0 188
193.0902 3724.0 188
193.4033 3724.0 188
193.7329 3744.0 188
194.0460 3748.0 188
194.3701 3740.0 188
194.6832 3744.0 188
195.0128 3748.0 188
195.3259 3752.0 188
196.2927 3756.0 188
199.1821 191.0 188
200.1379 191.0 188
204.9500 3700.0 188
205.2795 3720.0 188
205.5927 3792.0 188
205.9167 3884.0 188
206.2463 3928.0 188
206.5594 3932.0 188
206.8890 3912.0 188
207.2021 3880.0 188
207.8394 3856.0 188
213.9368 4248.0 188
214.2609 4248.0 188
214.5740 4256.0 188
214.9036 4296.0 188
215.2167 4296.0 188
215.5463 4272.0 188
215.8594 4264.0 188
216.1835 4240.0 188
216.5131 4200.0 188
216.8262 4168.0 188
217.1393 4160.0 188
217.4634 4176.0 188
217.7765 4184.0 188
218.1061 4200.0 188
218.4192 4216.0 188
218.7488 4240.0 188
219.0619 4264.0 188
219.3860 4280.0 188
219.6991 4352.0 188
220.0287 4480.0 188
220.3418 4568.0 188
220.6714 4600.0 188
220.9790 4616.0 188
221.3086 4640.0 188
221.6217 4656.0 188
221.9513 4672.0 188
222.2644 4688.0 188
222.5775 4704.0 188
222.9016 4712.0 188
223.2147 4736.0 188
223.5443 4736.0 188
223.8574 4760.0 188
224.1870 4784.0 188
224.4946 4800.0 188
224.8242 4816.0 188
225.1373 4848.0 188
225.4669 4872.0 188
225.7800 4888.0 188
226.1041 4928.0 188
226.4172 4952.0 188
226.7468 4976.0 188
227.0599 4992.0 188
227.3730 5000.0 188
227.7026 5016.0 188
228.0103 5016.0 188
228.3398 5016.0 188
228.6530 5008.0 188
228.9825 4992.0 188
229.2957 4968.0 188
229.6198 4936.0 188
229.9329 4928.0 188
230.2625 4936.0 188
230.5756 4960.0 188
230.9052 4976.0 188
231.2183 4968.0 188
231.5424 4952.0 188
231.8555 4928.0 188
232.1851 4896.0 188
232.4982 4880.0 188
232.8113 4848.0 188
233.1354 4816.0 188
233.4485 4800.0 188
233.7781 4776.0 188
234.0912 4760.0 188
234.4208 4784.0 188
234.7339 4808.0 188
235.0580 4800.0 188
235.3711 4792.0 188
235.7007 4760.0 188
236.0138 4736.0 188
236.3434 4720.0 188
236.6510 4688.0 188
236.9806 4664.0 188
237.2937 4648.0 188
237.6068 4632.0 188
237.9364 4600.0 188
238.2495 4584.0 188
238.5736 4576.0 188
238.8867 4552.0 188
239.2163 4536.0 188
239.5294 4512.0 188
239.8590 4504.0 188
240.1666 4480.0 188
240.4962 4456.0 188
240.8093 4448.0 188
241.1389 4448.0 188
241.4520 4472.0 188
241.7761 4512.0 188
242.0892 4544.0 188
242.4188 4576.0 188
242.7319 4608.0 188
243.0450 4624.0 188
243.3746 4640.0 188
243.6823 4632.0 188
244.0118 4576.0 188
244.3250 4520.0 188
244.6545 4488.0 188
244.9677 4480.0 188
245.2917 4464.0 188
245.6049 4448.0 188
245.9344 4448.0 188
246.2476 4432.0 188
246.5771 4416.0 188
246.8903 4400.0 188
247.2144 4384.0 188
247.5275 4392.0 188
247.8571 4400.0 188
248.1702 4408.0 188
248.4833 5256.0 188
248.8074 5376.0 188
249.1205 5512.0 188
249.4501 5552.0 188
249.7632 5624.0 188
250.0928 5688.0 188
250.4059 5752.0 188
251.0431 5112.0 188
251.3727 5112.0 188
251.6858 6016.0 188
252.0154 6072.0 188
252.3230 6200.0 188
252.6526 6312.0 188
252.9657 6392.0 188
253.2953 6416.0 188
253.6084 6424.0 188
253.9325 6512.0 188
254.2456 6640.0 188
254.5752 6744.0 188
254.8883 6880.0 188
255.2179 7000.0 188
255.5310 7072.0 188
255.8551 7136.0 188
256.1682 7208.0 188
256.8109 7320.0 188
257.1405 7648.0 188
257.4481 7688.0 188
257.7777 7768.0 188
258.7335 7896.0 188
259.3707 8560.0 188
259.7003 8584.0 188
268.0115 12456.0 188
268.3411 12456.0 188
268.6542 12464.0 188
269.2969 12480.0 188
270.2637 12496.0 188
273.4662 12480.0 188
273.7793 12592.0 188
274.1089 12744.0 188
277.6245 12640.0 188
277.9486 12648.0 188
278.9044 12832.0 188
283.6835 10448.0 188
284.0131 10352.0 188
284.3262 10240.0 188
284.6558 10232.0 188
287.1991 6712.0 188
287.5287 6712.0 188
287.8418 6672.0 188
288.1714 6640.0 188
288.4790 6656.0 188
288.7921 6600.0 188
289.1217 6088.0 188
289.4348 5640.0 188
289.7644 5552.0 188
290.0775 5432.0 188
290.4016 5336.0 188
290.7147 5224.0 188
291.3574 5088.0 188
291.6705 4760.0 188
291.9946 4720.0 188
292.3077 4608.0 188
292.6373 4704.0 188
293.2800 4256.0 188
293.5931 4240.0 188
293.9063 4200.0 188
294.2303 4128.0 188
294.5435 4056.0 188
294.8730 3992.0 188
295.1862 3924.0 188
295.5103 3848.0 188
295.8234 3788.0 188
296.1365 3744.0 188
296.4661 3676.0 188
296.7792 3608.0 188
297.1088 3564.0 188
297.4219 3512.0 188
297.7460 3456.0 188
298.0591 3420.0 188
298.3887 3376.0 188
298.7018 3320.0 188
299.0149 3272.0 188
299.3390 3228.0 188
299.6521 3172.0 188
299.9817 3132.0 188
300.2948 3100.0 188
300.6244 3056.0 188
300.9375 3016.0 188
301.2451 2996.0 188
301.5747 2972.0 188
301.8878 2928.0 188
302.2174 2884.0 188
302.5305 2852.0 188
302.8546 2820.0 188
303.1677 2788.0 188
303.4973 2728.0 188
303.8104 2596.0 188
304.1235 2484.0 188
304.4531 2444.0 188
304.7607 2416.0 188
305.0903 2384.0 188
305.4034 2352.0 188
305.7330 2328.0 188
306.0461 2304.0 188
306.3593 2280.0 188
306.6833 2260.0 188
306.9965 2244.0 188
307.3260 2224.0 188
307.6392 2204.0 188
307.9688 2192.0 188
308.2764 2172.0 188
308.6060 2148.0 188
308.9191 2132.0 188
309.2322 2112.0 188
309.5618 2092.0 188
309.8749 2068.0 188
310.1990 2054.0 188
310.5121 2036.0 188
310.8252 2016.0 188
311.1548 2006.0 188
311.4679 1994.0 188
311.7810 1976.0 188
312.1051 1962.0 188
312.4182 1946.0 188
312.7478 1928.0 188
313.0609 1910.0 188
313.3740 1898.0 188
313.6981 1890.0 188
314.0112 1876.0 188
314.3408 1860.0 188
314.6539 1848.0 188
314.9670 1834.0 188
315.2966 1820.0 188
315.6042 1812.0 188
315.9338 1798.0 188
316.2469 1784.0 188
316.5601 1776.0 188
316.8896 1762.0 188
317.2028 1752.0 188
317.5269 1742.0 188
317.8400 1728.0 188
318.1531 1714.0 188
318.4827 1706.0 188
318.7958 1698.0 188
319.1199 1698.0 188
319.4330 1706.0 188
319.7461 1714.0 188
320.0757 1722.0 188
320.3888 1732.0 188
320.7184 1742.0 188
321.0260 1748.0 188
321.3391 1750.0 188
321.6687 1750.0 188
321.9818 1748.0 188
322.3114 1742.0 188
322.6245 1736.0 188
322.9321 1730.0 188
323.2617 1718.0 188
323.5748 1706.0 188
323.9044 1698.0 188
324.2175 1690.0 188
324.5306 1682.0 188
324.8547 1674.0 188
325.1678 1666.0 188
325.4810 1658.0 188
325.8105 1652.0 188
326.1237 1648.0 188
326.4478 1636.0 188
326.7609 1626.0 188
327.0740 1620.0 188
327.4036 1616.0 188
327.7167 1608.0 188
328.0463 1596.0 188
328.3594 1590.0 188
328.6670 1586.0 188
328.9966 1584.0 188
329.3097 1578.0 188
329.6393 1566.0 188
329.9524 1556.0 188
330.2655 1550.0 188
330.5896 1546.0 188
330.9027 1538.0 188
331.2323 1530.0 188
331.5454 1526.0 188
331.8585 1520.0 188
332.1826 1514.0 188
332.4957 1508.0 188
332.8253 1504.0 188
333.1384 1500.0 188
333.4515 1496.0 188
333.7811 1488.0 188
334.0887 1480.0 188
334.4183 1478.0 188
334.7314 1474.0 188
335.0446 1468.0 188
335.3741 1456.0 188
335.6873 1444.0 188
336.0114 1440.0 188
336.3245 1434.0 188
336.6376 1428.0 188
336.9672 1428.0 188
337.2803 1436.0 188
337.6044 1446.0 188
337.9175 1472.0 188
338.2306 1478.0 188
338.5602 1464.0 188
338.8733 1474.0 188
339.2029 1484.0 188
339.5105 1498.0 188
339.8236 1512.0 188
340.1532 1528.0 188
340.4663 1544.0 188
340.7794 1558.0 188
341.1090 1572.0 188
341.4166 1580.0 188
341.7462 1580.0 188
342.0593 1574.0 188
342.3724 1572.0 188
342.7020 1570.0 188
343.0151 1562.0 188
343.3228 1554.0 188
343.6523 1552.0 188
343.9655 1548.0 188
344.2950 1546.0 188
344.6082 1544.0 188
344.9213 1540.0 188
345.2454 1536.0 188
345.5585 1530.0 188
345.8716 1526.0 188
346.2012 1524.0 188
346.5143 1520.0 188
346.8384 1518.0 188
347.1515 1518.0 188
347.4646 1518.0 188
347.7942 1526.0 188
351.2933 149.0 188
351.6064 149.0 188
