#RPLIDAR SCAN DATA
#COUNT=376
#Angule	Distance	Quality
356.3251 1291.0 188
357.0886 1285.0 188
357.6050 1288.0 188
358.2477 1282.0 188
359.0112 1279.0 188
359.5276 1275.0 188
0.2966 1261.0 188
0.9338 1243.0 188
8.9978 1401.0 188
9.7614 1381.0 188
10.4041 1369.0 188
11.0468 1358.0 188
11.6675 1358.0 188
12.3102 1362.0 188
12.9529 1360.0 188
13.5901 1364.0 188
14.2328 1362.0 188
14.8700 1361.0 188
15.5127 1362.0 188
16.1554 1365.0 188
16.7926 1368.0 188
17.4353 1368.0 188
18.0615 1385.0 188
18.6987 1372.0 188
19.3414 1371.0 188
19.9841 1376.0 188
20.6213 1376.0 188
21.2640 1382.0 188
21.9012 1384.0 188
22.5439 1387.0 188
23.1866 1391.0 188
23.8239 1394.0 188
24.4666 1396.0 188
25.0928 1398.0 188
25.7300 1393.0 188
26.3727 1396.0 188
27.0154 1395.0 188
27.6526 1400.0 188
28.1689 1597.0 188
28.8116 1612.0 188
29.3280 1621.0 188
30.0916 1621.0 188
30.7343 1626.0 188
31.2451 1633.0 188
31.8878 1637.0 188
32.6514 1654.0 188
33.2941 1656.0 188
33.9478 1664.0 188
34.5905 1665.0 188
35.1068 1682.0 188
35.7495 1689.0 188
36.4032 1694.0 188
37.0459 1701.0 188
37.6831 1714.0 188
38.3423 1722.0 188
38.9795 1733.0 188
39.6222 1737.0 188
40.2649 1754.0 188
40.9186 1764.0 188
41.5613 1779.0 188
42.1985 1785.0 188
42.8577 1796.0 188
43.4949 1815.0 188
44.1376 1822.0 188
44.7803 1828.0 188
45.4340 1851.0 188
46.0767 1862.0 188
46.7139 1869.0 188
47.3730 1894.0 188
48.0103 1907.0 188
48.5266 1915.0 188
49.1693 1941.0 188
49.8230 1953.0 188
50.4657 1977.0 188
51.1084 1993.0 188
51.7621 1979.0 188
52.4048 1988.0 188
53.0420 1966.0 188
53.8110 1937.0 188
54.4482 1916.0 188
70.2795 2610.0 188
70.9167 2632.0 188
87.6984 378.0 188
88.7311 375.0 188
88.9948 372.0 188
89.8901 371.0 188
90.2802 371.0 188
91.1865 364.0 188
108.1219 353.0 188
108.8855 351.0 188
109.6545 349.0 188
109.9182 349.0 188
110.5609 351.0 188
111.0773 354.0 188
111.7145 358.0 188
112.3572 363.0 188
112.7472 370.0 188
113.3899 376.0 188
114.1534 381.0 188
114.5435 385.0 188
115.1862 389.0 188
115.8234 392.0 188
116.3562 395.0 188
117.1198 397.0 188
117.6361 398.0 188
118.6523 399.0 188
119.1687 400.0 188
119.9323 400.0 188
120.2014 399.0 188
120.9650 396.0 188
121.8549 393.0 188
122.6239 389.0 188
122.8876 387.0 188
123.5303 384.0 188
124.2938 382.0 188
125.1837 380.0 188
125.8264 379.0 188
126.4636 379.0 188
126.7328 380.0 188
127.4963 380.0 188
128.3862 380.0 188
128.9026 381.0 188
129.4189 381.0 188
129.9353 383.0 188
130.9515 384.0 188
131.3416 386.0 188
132.1051 389.0 188
132.4951 393.0 188
133.0115 400.0 188
136.1865 4415.0 188
136.8237 4322.0 188
137.4664 4273.0 188
141.3116 3915.0 188
141.9489 3869.0 188
146.7169 312.0 188
148.1067 310.0 188
148.3868 312.0 188
149.0295 294.0 188
149.7931 294.0 188
150.5621 295.0 188
152.1991 276.0 188
152.4683 273.0 188
153.7317 272.0 188
153.7482 275.0 188
154.3854 278.0 188
157.9834 4423.0 188
158.6206 4357.0 188
159.6368 2246.0 188
160.2795 2279.0 188
160.9167 2332.0 188
161.4331 2394.0 188
162.0758 2448.0 188
162.7185 2504.0 188
163.3557 2537.0 188
163.9984 2564.0 188
164.6356 2611.0 188
165.2783 2633.0 188
165.9210 2663.0 188
166.5582 2697.0 188
167.2009 2735.0 188
167.5909 4017.0 188
168.3545 3823.0 188
168.8708 3796.0 188
169.6399 3775.0 188
170.2771 3742.0 188
170.9198 3746.0 188
171.5625 3713.0 188
172.0734 3796.0 188
172.7161 3837.0 188
173.3588 3827.0 188
174.1223 3807.0 188
174.7650 3794.0 188
175.4022 3782.0 188
176.0449 3771.0 188
176.6821 3746.0 188
177.3248 3753.0 188
177.9840 3749.0 188
178.6212 3733.0 188
179.2639 3717.0 188
179.9011 3724.0 188
180.5438 3704.0 188
181.2030 3701.0 188
181.8402 3672.0 188
182.4829 3662.0 188
183.1201 3649.0 188
183.7793 3648.0 188
184.4165 3654.0 188
185.0592 3463.0 188
186.3391 3431.0 188
186.9983 3425.0 188
187.6355 3416.0 188
191.4972 3401.0 188
192.1399 3397.0 188
192.7936 3409.0 188
193.4363 3417.0 188
194.0735 3420.0 188
194.7162 3577.0 188
205.3125 196.0 188
205.9497 192.0 188
201.7969 3637.0 188
202.4341 3681.0 188
203.0768 3696.0 188
203.7305 3698.0 188
204.3732 3704.0 188
205.0104 3698.0 188
205.6531 3683.0 188
206.2958 3624.0 188
213.2446 3989.0 188
213.8873 3981.0 188
214.5300 3980.0 188
215.1672 4016.0 188
215.8264 4037.0 188
216.4636 4061.0 188
217.1063 4087.0 188
217.7490 4103.0 188
218.4027 4166.0 188
219.0454 4174.0 188
219.6826 4205.0 188
220.3418 4241.0 188
220.9790 4251.0 188
221.6217 4280.0 188
222.2809 4325.0 188
222.9181 4308.0 188
223.5608 4322.0 188
224.2145 4261.0 188
224.8572 4182.0 188
225.4999 4210.0 188
226.1536 4220.0 188
226.7963 4215.0 188
227.4335 4146.0 188
228.0762 4092.0 188
228.7299 4037.0 188
229.3726 3966.0 188
230.0153 3995.0 188
230.6689 3990.0 188
231.3116 3946.0 188
232.0752 3883.0 188
232.7344 3855.0 188
233.3716 3804.0 188
234.0143 3767.0 188
234.6680 3724.0 188
235.3107 3687.0 188
235.9479 3630.0 188
236.6071 3587.0 188
237.2498 3544.0 188
237.8870 3587.0 188
238.5297 3630.0 188
239.1833 3669.0 188
239.8260 3716.0 188
240.4688 3692.0 188
241.1060 3683.0 188
241.7651 3615.0 188
242.4023 3553.0 188
243.0450 3514.0 188
243.6987 3485.0 188
244.3414 3470.0 188
244.9841 3456.0 188
245.6213 3455.0 188
246.2805 3424.0 188
246.7969 4315.0 188
247.4341 4402.0 188
248.0933 4482.0 188
248.7305 4540.0 188
249.3732 4661.0 188
250.0104 4725.0 188
251.3123 4187.0 188
251.9495 4988.0 188
252.6086 5067.0 188
253.2458 5196.0 188
253.8885 5282.0 188
254.5313 5382.0 188
255.1849 5513.0 188
255.8276 5637.0 188
256.4648 5751.0 188
257.1240 5879.0 188
257.6404 6043.0 188
258.2776 6199.0 188
258.9203 6408.0 188
259.5575 6481.0 188
260.2002 6624.0 188
261.4801 7033.0 188
262.1228 7260.0 188
263.4027 7689.0 188
273.0103 11892.0 188
273.6530 11853.0 188
278.7946 11827.0 188
279.4373 11801.0 188
283.2770 11776.0 188
283.9197 11932.0 188
290.3412 9478.0 188
290.9839 9363.0 188
291.6376 9282.0 188
293.5602 6564.0 188
294.2029 6132.0 188
294.9664 5847.0 188
295.6091 5663.0 188
296.2463 5657.0 188
296.8890 5660.0 188
298.1854 4778.0 188
298.8281 4559.0 188
299.4653 4421.0 188
300.1080 4287.0 188
300.7452 4086.0 188
301.3879 3989.0 188
302.1515 3843.0 188
302.8107 3703.0 188
303.4479 3614.0 188
304.0906 3627.0 188
305.3705 3397.0 188
306.0132 3254.0 188
306.6669 3176.0 188
307.3096 3103.0 188
307.9523 3025.0 188
308.5895 2981.0 188
309.2322 2927.0 188
309.8749 2850.0 188
310.5121 2797.0 188
311.2921 2735.0 188
311.9348 2688.0 188
312.5775 2633.0 188
313.2147 2584.0 188
313.8574 2544.0 188
314.4946 2495.0 188
315.1538 2451.0 188
315.7965 2410.0 188
316.4337 2367.0 188
317.0764 2326.0 188
317.7136 2300.0 188
318.4827 2258.0 188
319.1364 2237.0 188
319.7626 2200.0 188
320.4053 2174.0 188
321.0425 2138.0 188
321.6852 2110.0 188
322.3279 2082.0 188
322.9651 2054.0 188
323.6078 2032.0 188
324.2450 2009.0 188
324.8877 1986.0 188
325.5304 1961.0 188
326.1511 1951.0 188
326.9202 1919.0 188
327.4365 1895.0 188
328.2001 1877.0 188
328.8428 1875.0 188
329.6063 1696.0 188
330.2490 1672.0 188
330.8862 1653.0 188
331.4026 1636.0 188
332.1716 1621.0 188
332.8088 1606.0 188
333.4351 1591.0 188
334.0778 1575.0 188
334.7150 1564.0 188
335.3577 1551.0 188
335.9949 1536.0 188
336.6376 1525.0 188
337.2803 1510.0 188
337.9175 1505.0 188
338.5602 1490.0 188
339.3237 1479.0 188
339.8401 1467.0 188
340.4828 1457.0 188
341.2463 1452.0 188
341.7627 1439.0 188
342.4054 1430.0 188
343.1689 1419.0 188
343.6853 1412.0 188
344.4489 1406.0 188
345.1080 1395.0 188
345.7452 1390.0 188
346.3879 1379.0 188
347.0306 1375.0 188
357.2479 147.0 188
357.8906 149.0 188
358.5278 149.0 188
