#RPLIDAR SCAN DATA
#COUNT=365
#Angule	Distance	Quality
356.1548 1497.0 188
356.6547 1518.0 188
357.2919 1492.0 188
357.9346 1489.0 188
358.5773 1480.0 188
359.3408 1478.0 188
359.8407 1469.0 188
0.6042 1449.0 188
1.1206 1430.0 188
8.9044 1352.0 188
9.5416 1340.0 188
10.2942 1320.0 188
10.8105 1316.0 188
11.4478 1310.0 188
12.2168 1308.0 188
12.7332 1304.0 188
13.3704 1304.0 188
14.1229 1304.0 188
14.6393 1303.0 188
15.2765 1308.0 188
15.9192 1303.0 188
16.5619 1304.0 188
17.1826 1309.0 188
17.8253 1308.0 188
18.4680 1311.0 188
19.2316 1308.0 188
19.7479 1308.0 188
20.3741 1310.0 188
21.0114 1311.0 188
21.6541 1314.0 188
22.2968 1313.0 188
22.9340 1317.0 188
23.5767 1318.0 188
24.3237 1322.0 188
24.8401 1325.0 188
25.4828 1331.0 188
26.1200 1330.0 188
26.7627 1333.0 188
27.3889 1339.0 188
28.0261 1336.0 188
28.6688 1339.0 188
29.3115 1345.0 188
29.9487 1351.0 188
30.5750 1355.0 188
31.2177 1357.0 188
31.8549 1360.0 188
32.4976 1366.0 188
33.1403 1374.0 188
33.7775 1379.0 188
34.4202 1382.0 188
35.0574 1386.0 188
35.7001 1388.0 188
36.3593 1399.0 188
36.9965 1405.0 188
37.6392 1414.0 188
38.2764 1417.0 188
38.8092 1424.0 188
39.5728 1435.0 188
40.0891 1440.0 188
40.7318 1447.0 188
41.5118 1450.0 188
42.0282 1465.0 188
42.6709 1469.0 188
43.3081 1478.0 188
43.9673 1487.0 188
44.6045 1501.0 188
45.2472 1508.0 188
45.8899 1518.0 188
46.5436 1527.0 188
47.1863 1538.0 188
47.8235 1546.0 188
48.3398 1688.0 188
48.9990 1707.0 188
49.6362 1715.0 188
50.2789 1740.0 188
50.9216 1750.0 188
51.5753 1762.0 188
52.2180 1783.0 188
52.8552 1793.0 188
53.4979 1812.0 188
54.1516 1827.0 188
54.7943 1843.0 188
55.4370 1849.0 188
56.0742 1865.0 188
56.5906 1896.0 188
57.2333 1911.0 188
57.8705 1927.0 188
58.5132 1941.0 188
59.1559 1944.0 188
59.7931 1959.0 188
60.4358 2226.0 188
61.0895 2254.0 188
61.7322 2284.0 188
97.9486 342.0 188
98.9813 336.0 188
99.3549 333.0 188
99.9976 331.0 188
100.8875 329.0 188
101.7773 322.0 188
115.5927 342.0 188
115.8563 338.0 188
116.8726 336.0 188
117.6361 336.0 188
118.0261 339.0 188
118.4216 344.0 188
118.8116 351.0 188
119.4324 359.0 188
120.4486 365.0 188
120.8386 370.0 188
121.1078 375.0 188
122.1240 380.0 188
122.3877 384.0 188
123.0304 388.0 188
123.6676 392.0 188
124.5465 395.0 188
125.1837 399.0 188
125.3265 403.0 188
126.2164 409.0 188
129.7485 5888.0 188
130.5121 5717.0 188
131.1383 5619.0 188
136.2634 4413.0 188
136.9061 4423.0 188
137.5433 4492.0 188
141.3885 4647.0 188
142.0313 4702.0 188
146.9202 313.0 188
147.4365 313.0 188
148.2001 316.0 188
149.4635 296.0 188
149.7327 295.0 188
150.8862 291.0 188
152.0288 276.0 188
152.6715 273.0 188
152.8088 274.0 188
154.1986 276.0 188
154.4678 280.0 188
158.0768 4516.0 188
158.7140 4497.0 188
159.3567 4306.0 188
159.9994 4242.0 188
160.6366 4204.0 188
161.2793 4158.0 188
161.9165 4132.0 188
162.5592 4148.0 188
163.2019 4207.0 188
163.8391 4195.0 188
164.4818 4172.0 188
165.1245 4156.0 188
165.7617 4132.0 188
166.4044 4089.0 188
167.0416 4064.0 188
167.6843 4054.0 188
168.3270 4024.0 188
168.9642 3990.0 188
169.6069 3971.0 188
170.3705 3956.0 188
170.8868 3924.0 188
171.6559 3895.0 188
172.1667 3876.0 188
172.9358 3640.0 188
173.5730 3627.0 188
181.2634 3449.0 188
181.9061 3629.0 188
182.5433 3660.0 188
183.1860 3639.0 188
183.8123 3647.0 188
184.4495 3637.0 188
185.0922 3614.0 188
185.7294 3610.0 188
186.3721 3601.0 188
187.0148 3594.0 188
187.6520 3592.0 188
188.2947 3594.0 188
188.9374 3577.0 188
189.5746 3588.0 188
190.2173 3580.0 188
190.8435 3561.0 188
191.4807 3565.0 188
192.1234 3555.0 188
192.7606 3573.0 188
193.4033 3561.0 188
194.0460 3552.0 188
194.6832 3559.0 188
205.2631 192.0 188
205.9058 192.0 188
201.7474 3543.0 188
202.3901 3575.0 188
203.0273 3585.0 188
203.6865 3601.0 188
204.3237 3610.0 188
204.9664 3610.0 188
205.6091 3574.0 188
206.2628 3509.0 188
213.3435 3851.0 188
213.9807 3804.0 188
214.6234 3818.0 188
215.1563 3805.0 188
215.9198 3779.0 188
216.5625 3704.0 188
217.1997 3700.0 188
217.8589 3722.0 188
218.4961 3701.0 188
219.1388 3624.0 188
219.7760 3513.0 188
220.4187 3441.0 188
221.0614 3420.0 188
221.6986 3437.0 188
222.3413 3418.0 188
222.9840 3345.0 188
223.6212 3277.0 188
224.2639 3219.0 188
224.9011 3146.0 188
225.5438 3097.0 188
226.1865 3037.0 188
226.8237 2994.0 188
227.4664 2948.0 188
228.2465 2902.0 188
228.7628 2904.0 188
229.4055 2931.0 188
230.0427 2965.0 188
230.6854 2986.0 188
231.3281 3022.0 188
231.9653 3036.0 188
232.6080 2992.0 188
233.2452 2975.0 188
234.0143 2878.0 188
234.6515 2818.0 188
235.2942 2774.0 188
235.9369 2751.0 188
236.5741 2721.0 188
237.2168 2709.0 188
237.8540 2693.0 188
238.5132 2645.0 188
239.0295 3325.0 188
239.6667 3378.0 188
240.3094 3413.0 188
240.9521 3455.0 188
241.5894 3500.0 188
242.2321 3535.0 188
242.8748 3580.0 188
243.5284 3625.0 188
244.1711 3677.0 188
244.8083 3705.0 188
245.4510 3757.0 188
246.0938 3812.0 188
246.7310 3325.0 188
247.3737 3290.0 188
247.8900 3953.0 188
248.5437 4019.0 188
249.1864 4086.0 188
249.8236 4154.0 188
250.4663 4217.0 188
251.1090 4270.0 188
251.7462 4368.0 188
252.3889 4417.0 188
253.0261 4515.0 188
253.6853 4604.0 188
254.3280 4679.0 188
254.9652 4776.0 188
255.6079 4885.0 188
256.2451 4951.0 188
256.8878 5046.0 188
257.5305 5137.0 188
258.1677 5234.0 188
258.8269 5339.0 188
259.4531 5447.0 188
260.0903 5599.0 188
260.7330 5702.0 188
261.2329 5872.0 188
261.8701 6013.0 188
262.5128 6167.0 188
263.1555 6408.0 188
263.7762 6489.0 188
264.4189 6628.0 188
266.3251 7188.0 188
268.8739 7131.0 188
275.8722 10754.0 188
276.5149 10647.0 188
277.1356 10700.0 188
282.2498 10637.0 188
282.8870 10818.0 188
286.7157 10732.0 188
287.3584 10711.0 188
287.9956 10884.0 188
291.8408 10690.0 188
295.0269 8657.0 188
295.6696 8500.0 188
296.3123 8388.0 188
298.8721 6013.0 188
299.5148 5745.0 188
300.9045 5308.0 188
301.5417 5127.0 188
302.1844 4972.0 188
302.8271 4769.0 188
303.4644 4721.0 188
304.1071 4759.0 188
304.7498 4679.0 188
306.0132 4456.0 188
306.7767 3826.0 188
307.4194 3743.0 188
308.0621 3671.0 188
308.6993 3565.0 188
309.3420 3461.0 188
309.9792 3400.0 188
310.6055 3307.0 188
311.2482 3195.0 188
311.8854 3146.0 188
312.5281 3063.0 188
313.1708 3002.0 188
313.8080 2951.0 188
314.4507 2887.0 188
315.2142 2818.0 188
315.8405 2759.0 188
316.4832 2714.0 188
317.1204 2964.0 188
317.6367 2991.0 188
318.4058 2650.0 188
319.0430 2529.0 188
319.6857 2487.0 188
320.3229 2451.0 188
320.9491 2415.0 188
321.5918 2380.0 188
322.2290 2355.0 188
322.8717 2310.0 188
323.6353 2290.0 188
324.1516 2251.0 188
324.9207 2219.0 188
325.5579 2190.0 188
326.2006 2162.0 188
326.8433 2137.0 188
327.4640 2109.0 188
328.1067 2093.0 188
328.7494 2069.0 188
329.3866 2037.0 188
330.0293 2009.0 188
330.6665 1999.0 188
331.3092 1970.0 188
331.9519 1953.0 188
332.5891 1924.0 188
333.2318 1912.0 188
333.9954 1893.0 188
334.6216 1869.0 188
335.2643 1853.0 188
335.9015 1835.0 188
336.5442 1819.0 188
337.1869 1808.0 188
337.8241 1808.0 188
338.4668 1773.0 188
339.1040 1759.0 188
339.7467 1745.0 188
340.3894 1734.0 188
341.0266 1716.0 188
341.6528 1705.0 188
342.2955 1693.0 188
342.9327 1681.0 188
343.5754 1669.0 188
344.2181 1657.0 188
344.8553 1647.0 188
345.4816 1637.0 188
346.2451 1624.0 188
346.8878 1618.0 188
357.1985 153.0 188
357.8412 150.0 188
358.4839 153.0 188
