#RPLIDAR SCAN DATA
#COUNT=367
#Angule	Distance	Quality
356.3086 1560.0 188
356.9513 1553.0 188
357.5885 1550.0 188
358.2147 1549.0 188
358.8574 1536.0 188
359.4946 1537.0 188
0.1373 1523.0 188
0.7800 1503.0 188
9.0582 1525.0 188
9.7009 1508.0 188
10.3436 1491.0 188
10.9644 1485.0 188
11.6071 1487.0 188
12.2498 1481.0 188
12.8705 1481.0 188
13.5132 1482.0 188
14.2767 1476.0 188
14.7931 1485.0 188
15.4193 1481.0 188
16.0620 1481.0 188
16.6992 1490.0 188
17.3254 1479.0 188
17.9681 1481.0 188
18.7317 1487.0 188
19.2480 1483.0 188
19.8743 1483.0 188
20.6378 1481.0 188
21.2805 1382.0 188
21.9012 1373.0 188
22.5439 1384.0 188
23.1866 1383.0 188
23.8239 1387.0 188
24.4501 1388.0 188
25.0928 1389.0 188
25.7300 1394.0 188
26.2463 1394.0 188
26.8890 1400.0 188
27.5262 1401.0 188
28.2953 1406.0 188
28.9325 1409.0 188
29.5752 1412.0 188
30.2179 1414.0 188
30.8551 1421.0 188
31.5143 1422.0 188
32.0306 1430.0 188
32.7942 1439.0 188
33.4369 1440.0 188
33.9478 1443.0 188
34.5905 1447.0 188
35.2332 1463.0 188
35.9967 1462.0 188
36.6559 1468.0 188
37.1667 1473.0 188
37.8094 1481.0 188
38.4521 1490.0 188
39.0894 1494.0 188
39.7321 1500.0 188
40.3748 1513.0 188
41.0120 1520.0 188
41.6711 1526.0 188
42.3083 1537.0 188
42.9510 1540.0 188
43.5938 1551.0 188
44.2310 1563.0 188
44.8737 1571.0 188
45.5109 1581.0 188
46.1536 1591.0 188
46.8073 1602.0 188
47.3071 1612.0 188
48.0762 1623.0 188
48.5925 1635.0 188
49.3561 1654.0 188
49.9988 1664.0 188
50.5151 1674.0 188
51.2787 1688.0 188
51.7950 1707.0 188
52.4323 1720.0 188
53.0750 1738.0 188
53.7012 1748.0 188
95.4987 336.0 188
95.4987 334.0 188
96.1359 332.0 188
96.7786 327.0 188
112.6044 338.0 188
113.4998 335.0 188
114.5105 333.0 188
114.6533 331.0 188
115.7959 330.0 188
116.1859 330.0 188
116.7023 329.0 188
117.9657 327.0 188
118.4821 325.0 188
118.9819 322.0 188
119.9982 316.0 188
120.5145 314.0 188
120.6519 313.0 188
121.4209 314.0 188
122.3108 315.0 188
122.8271 318.0 188
123.0908 323.0 188
123.7335 333.0 188
124.3707 343.0 188
124.7607 348.0 188
125.6396 352.0 188
126.1560 354.0 188
127.0459 357.0 188
127.3096 358.0 188
128.0731 360.0 188
128.8422 361.0 188
129.3585 363.0 188
129.7485 366.0 188
130.2649 371.0 188
131.1548 378.0 188
135.7306 4710.0 188
136.3733 4757.0 188
137.0105 4778.0 188
137.6532 4823.0 188
141.1084 2901.0 188
141.6248 2898.0 188
142.2620 3004.0 188
147.5299 312.0 188
147.9199 311.0 188
148.9362 311.0 188
149.8260 294.0 188
150.0897 295.0 188
151.2323 290.0 188
151.7487 277.0 188
152.6385 274.0 188
152.6550 273.0 188
153.4351 276.0 188
153.9349 280.0 188
158.1372 4292.0 188
158.7799 4310.0 188
159.4061 4343.0 188
160.0433 4322.0 188
160.6860 4283.0 188
161.3232 4254.0 188
161.9659 4227.0 188
162.6086 4179.0 188
163.2458 4153.0 188
163.8885 4121.0 188
164.5148 4103.0 188
165.1520 4070.0 188
165.7947 4047.0 188
166.4374 4019.0 188
167.0746 3990.0 188
167.8436 3812.0 188
168.4808 3687.0 188
172.9523 3529.0 188
175.5121 3478.0 188
176.1548 3455.0 188
176.7920 3680.0 188
177.4347 3694.0 188
178.0774 3690.0 188
178.7146 3682.0 188
179.3573 3642.0 188
180.0000 3627.0 188
180.6372 3612.0 188
181.2799 3610.0 188
181.9171 3607.0 188
182.5598 3596.0 188
183.2025 3574.0 188
183.8397 3556.0 188
184.4824 3564.0 188
185.1196 3558.0 188
185.7623 3542.0 188
186.4050 3532.0 188
187.0422 3524.0 188
187.6849 3531.0 188
188.3276 3513.0 188
188.9648 3510.0 188
189.6075 3507.0 188
190.2338 3509.0 188
190.8710 3408.0 188
191.5137 3397.0 188
192.1509 3381.0 188
192.7936 3376.0 188
193.4363 3370.0 188
194.0735 3363.0 188
194.7162 3383.0 188
205.2960 193.0 188
205.9332 192.0 188
201.7639 3478.0 188
202.4011 3509.0 188
203.0438 3513.0 188
203.6865 3529.0 188
204.3237 3543.0 188
204.9664 3539.0 188
205.6091 3516.0 188
206.2463 3474.0 188
212.6514 3564.0 188
213.2941 3582.0 188
213.9368 3561.0 188
214.5740 3442.0 188
215.2167 3344.0 188
215.8594 3239.0 188
216.4966 3234.0 188
217.1393 3243.0 188
217.7765 3217.0 188
218.4192 3144.0 188
219.0619 3069.0 188
219.6991 2992.0 188
220.4791 2939.0 188
220.9955 2873.0 188
221.7645 2801.0 188
222.4017 2738.0 188
223.0444 2692.0 188
223.6871 2701.0 188
224.3243 2718.0 188
224.9670 2730.0 188
225.6042 2746.0 188
226.2469 2769.0 188
226.8896 2778.0 188
227.5269 2785.0 188
228.1696 2772.0 188
228.8123 2737.0 188
229.4495 2638.0 188
230.0922 2587.0 188
230.7458 2546.0 188
231.3721 2515.0 188
232.0148 2486.0 188
232.6520 2464.0 188
233.2947 2440.0 188
233.9374 2399.0 188
234.4482 3047.0 188
235.0909 3084.0 188
235.7336 3101.0 188
236.3708 3124.0 188
237.0135 3150.0 188
237.6398 3199.0 188
238.2770 3229.0 188
238.9197 3254.0 188
239.5624 3301.0 188
240.1996 3332.0 188
240.8423 3364.0 188
241.4795 3398.0 188
242.1222 3430.0 188
242.7649 3490.0 188
243.4021 3528.0 188
244.0448 3007.0 188
244.6710 3019.0 188
245.3082 3666.0 188
245.9509 3713.0 188
246.5936 3761.0 188
247.2308 3809.0 188
247.7472 3865.0 188
248.5107 3932.0 188
249.0271 3962.0 188
249.6698 4047.0 188
250.3125 4101.0 188
250.9497 4181.0 188
251.5759 4256.0 188
252.2186 4325.0 188
252.8558 4381.0 188
253.4985 4471.0 188
254.1357 4547.0 188
254.7784 4641.0 188
255.4211 4727.0 188
256.0583 4823.0 188
256.7010 4935.0 188
257.3438 5011.0 188
257.9645 5101.0 188
258.6072 5219.0 188
259.2499 5321.0 188
259.8871 5433.0 188
260.5298 5562.0 188
261.1670 5708.0 188
261.6833 5863.0 188
262.3260 6036.0 188
262.9688 6153.0 188
263.6060 6322.0 188
264.2487 6446.0 188
264.8749 6596.0 188
265.5121 6812.0 188
266.1548 7042.0 188
268.7146 6812.0 188
273.8123 10700.0 188
276.3391 10431.0 188
276.9818 10512.0 188
278.2452 10722.0 188
282.0575 10585.0 188
282.6837 10451.0 188
283.3264 10411.0 188
287.1222 10371.0 188
287.7649 10492.0 188
288.4021 10658.0 188
296.0431 8240.0 188
296.6858 8184.0 188
297.3230 8203.0 188
297.9657 7897.0 188
299.2291 6033.0 188
299.9982 5757.0 188
300.6354 5579.0 188
301.2781 5366.0 188
301.9208 5221.0 188
302.5580 5048.0 188
303.2007 4810.0 188
303.8434 4635.0 188
304.4806 4484.0 188
305.1233 4486.0 188
305.7495 4492.0 188
306.3867 4501.0 188
307.0294 4424.0 188
307.6666 4296.0 188
308.3093 4204.0 188
309.7156 3556.0 188
310.3583 3457.0 188
310.9955 3397.0 188
311.6382 3314.0 188
312.2809 3227.0 188
312.9016 3161.0 188
313.5443 3093.0 188
314.1870 3030.0 188
314.8242 2968.0 188
315.5768 2911.0 188
316.0931 2852.0 188
316.8567 2801.0 188
317.4994 2744.0 188
318.1201 2712.0 188
318.7628 2659.0 188
319.4055 2616.0 188
320.0427 2562.0 188
320.6689 2526.0 188
321.3116 2484.0 188
321.9489 2587.0 188
322.5916 2737.0 188
323.2178 2719.0 188
323.8550 2423.0 188
324.6240 2301.0 188
325.1404 2273.0 188
325.8875 2249.0 188
326.5302 2240.0 188
327.1674 2202.0 188
327.8101 2184.0 188
328.4363 2158.0 188
329.0735 2133.0 188
329.7162 2104.0 188
330.3589 2082.0 188
330.9796 2059.0 188
331.6223 2047.0 188
332.2650 2034.0 188
332.9022 2006.0 188
333.5284 1972.0 188
334.1711 1960.0 188
334.8083 1942.0 188
335.5774 1919.0 188
336.2146 1912.0 188
336.8573 1893.0 188
337.5000 1874.0 188
338.1372 1853.0 188
338.7634 1838.0 188
339.4061 1830.0 188
340.0433 1812.0 188
340.6860 1798.0 188
341.3232 1784.0 188
341.9659 1775.0 188
342.6086 1754.0 188
343.2458 1743.0 188
343.8721 1734.0 188
344.5148 1721.0 188
345.1520 1710.0 188
345.7947 1701.0 188
346.4374 1689.0 188
347.0746 1694.0 188
356.8744 147.0 188
357.5116 148.0 188
358.1543 148.0 188
