#RPLIDAR SCAN DATA
#COUNT=363
#Angule	Distance	Quality
356.2921 1506.0 188
356.9348 1504.0 188
357.5775 1492.0 188
358.2147 1494.0 188
358.8574 1489.0 188
359.6210 1479.0 188
0.2637 1466.0 188
0.7800 1448.0 188
9.1681 1459.0 188
9.8108 1437.0 188
10.4370 1415.0 188
11.0742 1410.0 188
11.7169 1408.0 188
12.3431 1400.0 188
12.9803 1400.0 188
13.6230 1410.0 188
14.2493 1400.0 188
14.8865 1397.0 188
15.5292 1398.0 188
16.1554 1396.0 188
16.7926 1394.0 188
17.3090 1394.0 188
18.0615 1390.0 188
18.6987 1400.0 188
19.3414 1389.0 188
19.9677 1393.0 188
20.4840 1394.0 188
21.2476 1395.0 188
21.8738 1396.0 188
22.5110 1399.0 188
23.1537 1398.0 188
23.7964 1398.0 188
24.4336 1399.0 188
24.9500 1405.0 188
25.7135 1403.0 188
26.3562 1406.0 188
26.9989 1409.0 188
27.6361 1413.0 188
28.2953 1415.0 188
28.8116 1415.0 188
29.4489 1422.0 188
30.0916 1433.0 188
30.8551 1424.0 188
31.4978 1426.0 188
32.0142 1430.0 188
32.7777 1433.0 188
33.3105 1441.0 188
34.0741 1442.0 188
34.7168 1375.0 188
35.3540 1409.0 188
35.9967 1351.0 188
36.6394 1350.0 188
37.2766 1354.0 188
37.9193 1357.0 188
38.5730 1361.0 188
39.2157 1371.0 188
39.8584 1373.0 188
40.4956 1376.0 188
41.1383 1386.0 188
41.7810 1391.0 188
42.4182 1398.0 188
43.0609 1406.0 188
43.7146 1412.0 188
44.3573 1419.0 188
44.8737 1423.0 188
45.6372 1436.0 188
46.2799 1442.0 188
46.9171 1450.0 188
47.4335 1459.0 188
48.2025 1467.0 188
48.7134 1476.0 188
49.3561 1489.0 188
49.9988 1494.0 188
50.6360 1507.0 188
51.2787 1514.0 188
51.9214 1526.0 188
52.5586 1541.0 188
53.2013 1549.0 188
53.8550 1563.0 188
54.4977 1575.0 188
55.1404 1585.0 188
55.7776 1598.0 188
56.4203 1615.0 188
97.0422 338.0 188
97.8113 338.0 188
98.0914 336.0 188
98.9813 328.0 188
112.7142 372.0 188
113.4833 372.0 188
114.2468 374.0 188
114.7632 377.0 188
115.0104 383.0 188
116.0266 389.0 188
116.2958 392.0 188
116.8121 396.0 188
117.5757 399.0 188
118.4656 399.0 188
118.9819 401.0 188
119.3719 400.0 188
120.0146 398.0 188
121.0309 395.0 188
121.5417 393.0 188
122.2943 389.0 188
122.9370 388.0 188
123.4479 386.0 188
124.0906 387.0 188
124.6069 387.0 188
125.4968 390.0 188
125.8868 397.0 188
127.1832 479.0 188
129.5453 4865.0 188
130.1825 4723.0 188
130.8252 4624.0 188
131.4679 4645.0 188
135.3076 4780.0 188
135.9503 4797.0 188
136.5930 4823.0 188
137.2302 4843.0 188
137.8729 4859.0 188
141.0754 5219.0 188
141.7181 5125.0 188
142.3553 5226.0 188
147.7496 312.0 188
148.2605 312.0 188
149.0295 315.0 188
149.9194 294.0 188
150.6830 295.0 188
150.9521 289.0 188
151.8420 277.0 188
152.4792 274.0 188
153.1219 274.0 188
154.0118 277.0 188
154.6545 280.0 188
158.3734 4571.0 188
159.0106 4505.0 188
159.6533 4497.0 188
160.2960 4473.0 188
160.9332 4524.0 188
161.5759 4543.0 188
162.2186 4490.0 188
162.8558 4469.0 188
163.4985 4447.0 188
164.1357 4408.0 188
164.7784 4361.0 188
165.4211 4339.0 188
166.0583 4318.0 188
166.6846 4266.0 188
167.3273 4254.0 188
167.9645 4207.0 188
168.6072 4182.0 188
169.2499 3869.0 188
176.4185 3644.0 188
177.0612 3694.0 188
177.6984 3833.0 188
178.2147 3837.0 188
178.9838 3836.0 188
179.6210 3803.0 188
180.2637 3797.0 188
180.9009 3759.0 188
181.5436 3774.0 188
182.1863 3755.0 188
182.8235 3746.0 188
183.4662 3737.0 188
184.1089 3714.0 188
184.7461 3708.0 188
185.3888 3690.0 188
186.0260 3669.0 188
186.6687 3668.0 188
187.3114 3668.0 188
187.9486 3645.0 188
188.5913 3637.0 188
189.2340 3633.0 188
189.8712 3623.0 188
190.5139 3620.0 188
191.1511 3507.0 188
191.7938 3490.0 188
192.4365 3481.0 188
193.0737 3483.0 188
193.7164 3478.0 188
194.3591 3478.0 188
204.9335 191.0 188
205.5762 191.0 188
206.2134 188.0 188
202.0441 3549.0 188
202.6868 3576.0 188
203.3240 3587.0 188
203.9667 3596.0 188
204.6094 3602.0 188
205.2466 3598.0 188
205.8893 3551.0 188
212.9370 3607.0 188
213.5742 3591.0 188
214.2169 3454.0 188
214.8541 3305.0 188
215.4968 3244.0 188
216.1395 3250.0 188
216.7767 3260.0 188
217.4359 3181.0 188
218.0731 3067.0 188
218.7158 2976.0 188
219.3585 2904.0 188
220.1221 2821.0 188
220.7648 2737.0 188
221.4020 2667.0 188
222.0447 2671.0 188
222.6874 2684.0 188
223.3246 2695.0 188
223.9673 2709.0 188
224.6045 2719.0 188
225.2472 2773.0 188
225.8899 2753.0 188
226.5271 2762.0 188
227.1698 2807.0 188
227.8235 2588.0 188
228.4662 2518.0 188
229.1089 2473.0 188
229.7461 2433.0 188
230.3888 2409.0 188
231.0260 2389.0 188
231.6687 2321.0 188
232.3114 2924.0 188
232.9486 2955.0 188
233.4650 2989.0 188
234.1077 3007.0 188
234.7449 3018.0 188
235.3876 3060.0 188
236.0303 3077.0 188
236.6675 3089.0 188
237.3102 3117.0 188
237.9529 3139.0 188
238.5901 3183.0 188
239.2328 3204.0 188
239.8700 3246.0 188
240.5127 3264.0 188
241.1554 3301.0 188
241.7926 3329.0 188
242.4353 3358.0 188
243.0780 2914.0 188
243.7152 2940.0 188
244.3579 3432.0 188
244.9951 3496.0 188
245.6378 3555.0 188
246.2805 3599.0 188
246.9177 3647.0 188
247.5604 3695.0 188
248.2141 3742.0 188
248.8568 3788.0 188
249.3732 3837.0 188
250.0104 3892.0 188
250.7959 3932.0 188
251.3123 4007.0 188
251.9495 4048.0 188
252.5922 4114.0 188
253.2458 4190.0 188
253.8885 4226.0 188
254.5313 4315.0 188
255.1685 4366.0 188
255.8276 4458.0 188
256.4648 4540.0 188
257.1075 4622.0 188
257.7448 4706.0 188
258.4039 4776.0 188
259.0466 4906.0 188
259.6838 4970.0 188
260.3265 5074.0 188
260.9802 5152.0 188
261.6229 5262.0 188
262.2656 5371.0 188
262.9028 5525.0 188
263.5620 5616.0 188
264.0729 5748.0 188
264.7156 5850.0 188
265.3583 6060.0 188
266.0120 6163.0 188
266.6547 6337.0 188
267.2919 6493.0 188
267.9346 6644.0 188
268.5938 6938.0 188
271.1206 6652.0 188
275.5756 10564.0 188
279.3878 10411.0 188
280.0140 10302.0 188
285.1062 10371.0 188
285.7324 10351.0 188
286.3696 10461.0 188
290.8246 10311.0 188
291.4673 10411.0 188
292.1045 10533.0 188
299.1357 7845.0 188
299.7784 7874.0 188
300.4211 7874.0 188
301.0583 7932.0 188
302.3438 6016.0 188
303.0908 5717.0 188
303.7335 5450.0 188
304.3707 5272.0 188
305.0134 5072.0 188
305.6561 4937.0 188
306.2933 4665.0 188
306.9360 4511.0 188
307.5732 4361.0 188
308.2159 4247.0 188
308.8586 4226.0 188
309.4958 4226.0 188
310.1221 4220.0 188
310.7648 4205.0 188
311.4020 4078.0 188
312.0447 3983.0 188
312.6874 3837.0 188
313.4344 3347.0 188
314.0771 3244.0 188
314.7144 3189.0 188
315.3571 3116.0 188
315.9998 3048.0 188
316.6205 2981.0 188
317.2632 2929.0 188
318.0267 2857.0 188
318.6694 2792.0 188
319.3121 2730.0 188
319.9493 2685.0 188
320.5756 2637.0 188
321.2183 2594.0 188
321.8555 2544.0 188
322.4982 2499.0 188
323.1354 2463.0 188
323.7616 2416.0 188
324.4043 2373.0 188
325.1678 2329.0 188
325.8105 2303.0 188
326.3269 2254.0 188
327.0740 2237.0 188
327.5903 2513.0 188
328.2330 2503.0 188
329.6393 2183.0 188
330.2765 2083.0 188
330.9027 2055.0 188
331.5454 2034.0 188
332.1826 2026.0 188
332.8253 2005.0 188
333.4680 1991.0 188
334.1052 1963.0 188
334.7479 1945.0 188
335.5115 1917.0 188
336.1542 1901.0 188
336.7969 1879.0 188
337.3077 1860.0 188
338.0768 1843.0 188
338.7140 1823.0 188
339.3567 1802.0 188
339.9994 1788.0 188
340.6366 1778.0 188
341.2628 1765.0 188
341.9055 1745.0 188
342.5427 1733.0 188
343.1854 1722.0 188
343.8281 1704.0 188
344.4653 1687.0 188
345.1080 1675.0 188
345.7452 1669.0 188
346.5143 1653.0 188
347.0306 1658.0 188
357.4841 151.0 188
358.1213 149.0 188
