#RPLIDAR SCAN DATA
#COUNT=372
#Angule	Distance	Quality
355.7483 1732.0 188
356.3745 1712.0 188
357.0117 1717.0 188
357.7808 1692.0 188
358.2916 1686.0 188
358.9178 1677.0 188
359.6869 1672.0 188
0.3241 1655.0 188
0.9668 1628.0 188
9.2340 1623.0 188
9.8712 1610.0 188
10.5139 1593.0 188
11.1511 1575.0 188
11.7773 1574.0 188
12.4200 1568.0 188
13.0573 1564.0 188
13.6835 1564.0 188
14.3262 1555.0 188
14.9634 1554.0 188
15.6061 1556.0 188
16.2323 1550.0 188
16.8750 1549.0 188
17.5122 1550.0 188
18.1384 1547.0 188
18.7811 1544.0 188
19.4183 1545.0 188
20.0610 1548.0 188
20.6873 1547.0 188
21.3245 1546.0 188
21.9672 1548.0 188
22.5934 1546.0 188
23.2306 1547.0 188
23.8733 1547.0 188
24.5105 1547.0 188
25.1367 1550.0 188
25.7794 1547.0 188
26.4166 1550.0 188
27.0428 1551.0 188
27.6855 1554.0 188
28.3228 1553.0 188
28.9655 1555.0 188
29.5917 1556.0 188
30.2344 1566.0 188
30.8716 1565.0 188
31.5143 1568.0 188
32.1515 1573.0 188
32.7942 1576.0 188
33.4369 1579.0 188
34.0741 1578.0 188
34.7168 1589.0 188
35.3540 1589.0 188
35.9967 1595.0 188
36.6394 1594.0 188
37.2766 1603.0 188
37.9193 1616.0 188
38.5620 1617.0 188
39.1992 1621.0 188
39.8419 1629.0 188
40.4791 1630.0 188
40.9955 1639.0 188
41.6382 1645.0 188
42.4017 1653.0 188
43.0444 1653.0 188
43.6871 1664.0 188
44.3243 1664.0 188
44.8407 1680.0 188
45.6042 1683.0 188
46.1206 1695.0 188
46.8896 1710.0 188
47.4060 1723.0 188
48.0432 1729.0 188
48.6859 1735.0 188
49.3231 1747.0 188
49.9658 1760.0 188
50.6085 1767.0 188
51.2457 1783.0 188
51.9049 1794.0 188
52.5421 1798.0 188
53.1848 1808.0 188
53.8275 1815.0 188
54.4647 1827.0 188
55.1074 1854.0 188
55.7446 1907.0 188
56.3873 1832.0 188
57.0465 1798.0 188
57.6837 1777.0 188
58.3264 1783.0 188
58.9636 1798.0 188
59.6063 1815.0 188
60.2490 1837.0 188
98.9648 363.0 188
99.3549 365.0 188
100.1239 365.0 188
100.6403 364.0 188
101.1511 360.0 188
102.2937 356.0 188
114.0601 381.0 188
114.8236 378.0 188
115.2136 374.0 188
115.8563 370.0 188
116.7462 369.0 188
117.2461 369.0 188
117.6361 370.0 188
118.5260 371.0 188
119.0259 373.0 188
119.6686 375.0 188
120.3113 377.0 188
121.0748 380.0 188
121.4484 382.0 188
122.2174 385.0 188
122.7338 387.0 188
123.3545 389.0 188
123.8708 390.0 188
124.5135 392.0 188
125.1563 393.0 188
126.0297 395.0 188
126.6669 396.0 188
127.3096 397.0 188
127.8094 398.0 188
128.1995 401.0 188
128.9685 404.0 188
129.4794 409.0 188
130.1056 418.0 188
135.7800 5369.0 188
136.4063 5395.0 188
137.0435 5411.0 188
137.6862 5461.0 188
140.8722 3858.0 188
141.6357 3804.0 188
142.1356 3861.0 188
147.2772 312.0 188
148.1671 312.0 188
148.4363 313.0 188
149.1998 296.0 188
150.3259 296.0 188
151.3422 285.0 188
151.7322 273.0 188
152.2485 271.0 188
153.6218 272.0 188
153.3856 275.0 188
154.4019 279.0 188
158.1042 4834.0 188
158.7469 4763.0 188
159.3896 4698.0 188
160.0269 4647.0 188
160.6696 4598.0 188
161.3123 4559.0 188
161.9495 4507.0 188
162.5922 4488.0 188
163.2294 4141.0 188
169.6509 3796.0 188
170.2936 3993.0 188
170.9363 4001.0 188
171.5735 3992.0 188
172.2162 3983.0 188
172.8589 3947.0 188
173.6224 3934.0 188
174.1553 3902.0 188
174.9023 3885.0 188
175.5450 3855.0 188
176.1823 3836.0 188
176.6986 3822.0 188
177.3248 3814.0 188
177.9675 3773.0 188
178.6047 3732.0 188
179.3738 3725.0 188
180.0000 3700.0 188
180.6372 3687.0 188
181.2799 3672.0 188
181.9171 3650.0 188
182.5433 3637.0 188
183.1860 3517.0 188
183.8232 3498.0 188
184.4659 3479.0 188
185.0922 3474.0 188
185.7294 3459.0 188
186.3721 3446.0 188
187.0148 3439.0 188
187.6355 3499.0 188
188.2782 3507.0 188
188.9209 3519.0 188
189.5581 3514.0 188
190.1843 3503.0 188
190.8270 3488.0 188
191.4642 3488.0 188
192.1069 3484.0 188
192.7332 3477.0 188
193.3704 3463.0 188
194.0131 3461.0 188
194.6558 3471.0 188
205.2301 191.0 188
205.8728 192.0 188
201.7145 3384.0 188
202.3572 3425.0 188
202.9999 3424.0 188
203.6371 3429.0 188
204.2798 3397.0 188
204.9170 3318.0 188
205.5597 3287.0 188
206.2024 3220.0 188
212.7448 2403.0 188
213.3875 2373.0 188
214.0302 2356.0 188
214.7937 2361.0 188
215.3265 2377.0 188
216.0901 2396.0 188
216.7328 2385.0 188
217.3700 2391.0 188
217.8864 2354.0 188
218.6554 2143.0 188
219.2926 2064.0 188
219.9353 2022.0 188
220.6989 1940.0 188
221.3416 1915.0 188
221.7316 2448.0 188
222.3743 2466.0 188
223.0115 2475.0 188
223.6542 2484.0 188
224.2969 2506.0 188
224.9341 2519.0 188
225.5768 2517.0 188
226.2140 2528.0 188
226.8567 2549.0 188
227.4994 2560.0 188
228.1366 2579.0 188
228.7793 2592.0 188
229.4165 2597.0 188
230.0592 2608.0 188
230.7019 2617.0 188
231.3391 2656.0 188
231.9818 2673.0 188
232.6245 2677.0 188
233.2617 2696.0 188
233.9044 2704.0 188
234.5416 2728.0 188
235.1843 2752.0 188
235.8270 2777.0 188
236.4642 2805.0 188
237.1069 2814.0 188
237.7496 2410.0 188
238.3868 2374.0 188
239.0295 2391.0 188
239.5459 2900.0 188
240.1831 2927.0 188
240.8258 2944.0 188
241.4685 2987.0 188
242.1057 3015.0 188
242.7484 3051.0 188
243.3856 3071.0 188
244.0283 3100.0 188
244.6710 3118.0 188
245.3082 3144.0 188
245.9509 3198.0 188
246.5936 3227.0 188
247.2308 3257.0 188
247.8735 3294.0 188
248.5107 3327.0 188
249.1534 3380.0 188
249.7961 3395.0 188
250.4333 3450.0 188
251.0760 3491.0 188
251.7188 3532.0 188
252.3560 3594.0 188
252.9987 3629.0 188
253.6359 3682.0 188
254.2786 3741.0 188
254.9213 3792.0 188
255.5585 3851.0 188
256.0748 3914.0 188
256.8274 3957.0 188
257.3438 4033.0 188
257.9810 4098.0 188
258.6237 4161.0 188
259.2609 4241.0 188
259.8871 4310.0 188
260.5298 4375.0 188
261.1670 4471.0 188
261.8097 4545.0 188
262.4524 4661.0 188
263.0731 4729.0 188
263.7158 4865.0 188
264.3585 4933.0 188
264.9957 5030.0 188
265.6384 5171.0 188
266.2811 5285.0 188
266.9019 5406.0 188
267.5446 5519.0 188
268.1873 5625.0 188
268.6981 5748.0 188
269.3408 5976.0 188
269.9670 6125.0 188
270.6042 6238.0 188
282.0905 9691.0 188
282.7332 9708.0 188
283.3704 9708.0 188
284.6393 9779.0 188
288.4790 9570.0 188
289.1052 9726.0 188
289.7479 9699.0 188
290.3906 9832.0 188
294.2139 9814.0 188
294.8566 9708.0 188
295.4993 9717.0 188
301.2341 9596.0 188
303.7610 7394.0 188
304.4037 7359.0 188
305.0464 7324.0 188
305.6836 7379.0 188
306.9525 7150.0 188
308.3423 5452.0 188
308.9795 5274.0 188
309.6222 5130.0 188
310.2649 4967.0 188
310.8856 4767.0 188
311.5283 4565.0 188
312.1710 4456.0 188
312.7917 4341.0 188
313.4344 4210.0 188
314.0771 4087.0 188
314.7144 3986.0 188
315.4669 3864.0 188
316.1041 3753.0 188
316.7468 3687.0 188
317.3895 3695.0 188
318.0103 3690.0 188
318.6530 3587.0 188
319.2792 3654.0 188
319.9219 3615.0 188
320.5591 3540.0 188
321.1853 3479.0 188
321.8280 3407.0 188
322.4652 3351.0 188
323.0914 3280.0 188
323.7341 2992.0 188
324.4977 2861.0 188
325.1239 2800.0 188
325.7611 2753.0 188
326.4038 2719.0 188
327.0300 2676.0 188
327.6672 2633.0 188
328.3099 2590.0 188
328.9362 2554.0 188
329.5734 2510.0 188
330.2161 2481.0 188
330.8423 2459.0 188
331.4795 2413.0 188
332.1222 2381.0 188
332.8748 2331.0 188
333.5120 2304.0 188
334.1547 2277.0 188
334.7809 2247.0 188
335.4181 2234.0 188
336.0608 2200.0 188
336.6870 2182.0 188
337.3242 2159.0 188
337.9669 2131.0 188
338.5931 2108.0 188
339.2303 2084.0 188
339.8730 2061.0 188
340.5103 2049.0 188
341.1365 2030.0 188
341.7792 2006.0 188
342.4219 1993.0 188
343.0591 1968.0 188
343.7018 1956.0 188
344.3280 1937.0 188
344.9652 1919.0 188
345.7343 1901.0 188
346.2451 2111.0 188
346.8713 2135.0 188
357.4347 148.0 188
358.0774 149.0 188
