#RPLIDAR SCAN DATA
#COUNT=396
#Angule	Distance	Quality
356.1713 1155.0 188
356.7810 1161.0 188
357.3853 1166.0 188
358.1213 1158.0 188
358.7311 1160.0 188
359.3408 1159.0 188
359.9506 1154.0 188
0.5603 1139.0 188
1.1700 1140.0 188
8.9978 1208.0 188
9.6240 1195.0 188
10.2338 1185.0 188
10.9808 1181.0 188
11.4642 1183.0 188
12.0905 1187.0 188
12.7002 1191.0 188
13.3264 1195.0 188
13.9362 1201.0 188
14.5624 1202.0 188
15.1666 1203.0 188
15.7928 1206.0 188
16.4026 1212.0 188
17.0123 1238.0 188
17.6385 1222.0 188
18.2483 1223.0 188
18.8745 1231.0 188
19.4843 1236.0 188
20.1050 1241.0 188
20.7147 1244.0 188
21.2146 1250.0 188
21.9507 1257.0 188
22.4506 1259.0 188
23.0603 1269.0 188
23.6865 1269.0 188
24.4171 1278.0 188
25.0433 1283.0 188
25.5267 1309.0 188
26.1530 1300.0 188
26.7627 1307.0 188
27.3724 1313.0 188
27.9987 1324.0 188
28.6084 1330.0 188
29.2291 1338.0 188
29.8389 1348.0 188
30.4651 1353.0 188
31.0748 1366.0 188
31.7010 1372.0 188
32.3108 1378.0 188
32.9370 1392.0 188
33.5468 1401.0 188
34.1675 1410.0 188
34.7772 1420.0 188
35.4034 1432.0 188
36.0132 1445.0 188
36.6229 1456.0 188
37.1228 1469.0 188
37.7325 1480.0 188
38.3588 1496.0 188
38.9685 1509.0 188
39.5892 1523.0 188
40.1990 1546.0 188
40.8252 1562.0 188
41.4349 1572.0 188
42.0612 1594.0 188
42.6709 1610.0 188
43.2916 1624.0 188
43.7805 1642.0 188
44.4012 1657.0 188
45.0110 1676.0 188
45.6372 1690.0 188
46.2469 1694.0 188
46.8732 1717.0 188
47.4829 1739.0 188
48.1091 1762.0 188
48.7134 1783.0 188
49.3396 1802.0 188
49.9658 1829.0 188
50.5756 1847.0 188
51.2018 1876.0 188
51.8115 1893.0 188
52.4323 1930.0 188
52.9321 1959.0 188
53.5419 1987.0 188
54.1681 2012.0 188
54.7778 2040.0 188
55.4041 2082.0 188
56.0303 2102.0 188
56.6400 2141.0 188
57.2607 2179.0 188
57.8705 2202.0 188
58.4967 2250.0 188
59.1229 2283.0 188
59.7327 2327.0 188
60.2325 2376.0 188
60.8423 2406.0 188
61.4685 2455.0 188
62.0892 2511.0 188
62.6990 2556.0 188
96.2018 334.0 188
96.8115 330.0 188
97.6685 329.0 188
97.7948 325.0 188
98.6517 320.0 188
113.5272 343.0 188
114.5270 345.0 188
115.1367 350.0 188
115.3729 352.0 188
115.8728 354.0 188
116.7297 357.0 188
117.2296 360.0 188
117.5922 363.0 188
118.4491 365.0 188
118.8281 367.0 188
119.4324 369.0 188
120.0586 370.0 188
121.1682 371.0 188
121.6516 372.0 188
121.9043 372.0 188
122.5140 372.0 188
123.3875 373.0 188
123.9972 374.0 188
124.4806 377.0 188
125.2332 383.0 188
125.3430 396.0 188
126.2164 404.0 188
126.5735 410.0 188
127.0734 414.0 188
127.8094 416.0 188
128.4192 417.0 188
129.1718 416.0 188
129.6552 415.0 188
130.1385 413.0 188
130.8856 411.0 188
131.3745 411.0 188
132.1216 413.0 188
132.6050 419.0 188
136.5601 322.0 188
137.6697 319.0 188
137.9169 321.0 188
138.9056 315.0 188
139.3890 311.0 188
140.5151 309.0 188
140.6250 310.0 188
141.6083 312.0 188
141.7291 303.0 188
142.5916 302.0 188
143.2178 300.0 188
144.5746 299.0 188
144.9371 299.0 188
145.1843 301.0 188
145.9204 305.0 188
149.2932 3699.0 188
150.0458 2609.0 188
150.6555 2569.0 188
151.2762 2534.0 188
151.8860 2522.0 188
152.5122 2500.0 188
153.1219 2445.0 188
153.7482 2398.0 188
154.3579 2375.0 188
154.9677 2417.0 188
156.0773 3442.0 188
156.6980 3428.0 188
157.3077 3414.0 188
157.9340 3408.0 188
158.5437 3378.0 188
159.1534 3374.0 188
159.7797 3345.0 188
160.3894 3334.0 188
161.0156 3334.0 188
161.6199 3315.0 188
162.2461 3313.0 188
162.8558 3306.0 188
163.4821 3287.0 188
164.0918 3287.0 188
164.7180 3273.0 188
165.3278 3260.0 188
165.9485 3249.0 188
166.5582 3236.0 188
167.1844 3226.0 188
167.7942 3213.0 188
168.4204 3210.0 188
169.0302 3198.0 188
169.6509 3211.0 188
170.2606 3201.0 188
170.8868 3189.0 188
171.4966 3190.0 188
172.1228 3194.0 188
172.7325 3197.0 188
173.3588 3184.0 188
173.9795 3176.0 188
174.5892 3181.0 188
175.2155 3168.0 188
175.8252 3180.0 188
176.4514 3170.0 188
177.0612 3175.0 188
177.6874 3180.0 188
178.2916 3176.0 188
178.9178 3173.0 188
179.5276 3173.0 188
180.1538 3161.0 188
180.7635 3169.0 188
181.3898 3140.0 188
181.9995 3176.0 188
182.6202 3173.0 188
183.2465 3175.0 188
183.8562 3171.0 188
184.4824 3178.0 188
185.0922 3183.0 188
185.7184 3178.0 188
186.3281 3192.0 188
186.9489 3190.0 188
187.5586 3202.0 188
188.1848 3215.0 188
188.7946 3207.0 188
189.4208 3218.0 188
190.0305 3215.0 188
190.6512 3220.0 188
191.2610 3245.0 188
191.8872 3253.0 188
192.4969 3260.0 188
193.1232 3260.0 188
193.7494 3261.0 188
194.3591 3274.0 188
205.4333 190.0 188
206.0596 191.0 188
201.7639 3364.0 188
202.3901 3425.0 188
203.0109 3440.0 188
203.4998 4122.0 188
204.1205 4207.0 188
204.7302 4254.0 188
205.3564 4256.0 188
205.9662 4229.0 188
213.3710 4673.0 188
213.9972 4683.0 188
214.6069 4694.0 188
215.2332 4757.0 188
215.8429 4776.0 188
216.4636 4828.0 188
217.0734 4872.0 188
217.6996 4901.0 188
218.3093 4942.0 188
218.9355 4999.0 188
219.5453 5027.0 188
220.1715 5084.0 188
220.7813 5105.0 188
221.4020 5152.0 188
222.0117 5226.0 188
222.6379 5272.0 188
223.2477 5326.0 188
223.8739 5361.0 188
224.4946 5425.0 188
225.1208 5483.0 188
225.7471 5576.0 188
226.3733 5625.0 188
226.9995 5690.0 188
227.6202 5738.0 188
228.1201 5841.0 188
228.7463 5901.0 188
229.3561 5976.0 188
229.9823 6029.0 188
230.6085 6080.0 188
231.2292 6153.0 188
231.8555 6213.0 188
233.1079 6485.0 188
233.7341 6504.0 188
234.3549 6608.0 188
236.2170 7033.0 188
236.8433 7029.0 188
237.4640 7169.0 188
238.0902 7250.0 188
238.7164 7314.0 188
239.3427 7539.0 188
239.9634 7662.0 188
240.5896 7733.0 188
241.2158 7716.0 188
241.8420 7662.0 188
242.4683 7662.0 188
243.0780 7645.0 188
243.6823 7618.0 188
244.3085 7570.0 188
244.9182 7570.0 188
245.5444 7618.0 188
246.1542 7800.0 188
275.7788 10786.0 188
280.1074 6053.0 188
280.7172 5834.0 188
281.4642 5590.0 188
282.0905 5334.0 188
282.7002 5067.0 188
283.3099 4830.0 188
283.9362 4630.0 188
284.5459 4447.0 188
286.5125 3514.0 188
287.1387 3682.0 188
287.7484 3635.0 188
288.3582 3539.0 188
288.9844 3459.0 188
289.5886 3353.0 188
290.1984 3264.0 188
290.8246 3159.0 188
291.4343 3071.0 188
292.0605 3083.0 188
292.6703 3084.0 188
293.2800 3095.0 188
293.9063 3101.0 188
294.5105 3104.0 188
295.1202 3135.0 188
295.7465 3154.0 188
296.3562 3167.0 188
296.9824 3141.0 188
297.5922 3197.0 188
298.2019 3222.0 188
298.8281 3233.0 188
299.4324 3264.0 188
300.0421 3276.0 188
300.6683 3296.0 188
301.2781 3314.0 188
301.9043 3338.0 188
302.5140 3362.0 188
303.1238 3394.0 188
303.7500 3418.0 188
304.3542 3432.0 188
304.9805 3452.0 188
305.5902 3498.0 188
306.2000 3519.0 188
306.8262 3545.0 188
307.4359 3598.0 188
308.0621 3628.0 188
308.6719 3659.0 188
309.2761 3599.0 188
309.9023 3548.0 188
310.5121 3492.0 188
311.1383 3451.0 188
311.7480 3405.0 188
312.3578 3371.0 188
312.9840 3335.0 188
313.5938 3310.0 188
314.2145 3265.0 188
314.8242 3225.0 188
315.4340 3203.0 188
316.0602 3163.0 188
316.6699 3134.0 188
317.2961 3102.0 188
317.9059 3068.0 188
318.5156 3036.0 188
319.1364 3009.0 188
319.7461 2986.0 188
320.3723 2969.0 188
321.1084 2932.0 188
321.6083 2882.0 188
322.2180 2873.0 188
322.9486 2871.0 188
323.5748 2841.0 188
324.1846 2815.0 188
324.6844 2796.0 188
325.4205 2780.0 188
326.0468 2760.0 188
327.1509 1371.0 188
327.7771 1362.0 188
328.3868 1353.0 188
329.0131 1345.0 188
329.6228 1339.0 188
330.2490 1345.0 188
330.8588 1317.0 188
331.4795 1310.0 188
332.0892 1307.0 188
332.6990 1294.0 188
333.4515 1293.0 188
333.9349 1282.0 188
334.6875 1275.0 188
335.2917 1274.0 188
335.9180 1263.0 188
336.4014 1255.0 188
337.1539 1253.0 188
337.7637 1245.0 188
338.3899 1232.0 188
338.9996 1237.0 188
339.6204 1237.0 188
340.2301 1231.0 188
340.8563 1223.0 188
341.4661 1219.0 188
342.0923 1215.0 188
342.7020 1213.0 188
343.3118 1207.0 188
343.9215 1205.0 188
344.5313 1202.0 188
345.1355 1196.0 188
345.7452 1192.0 188
346.3715 1189.0 188
346.9812 1187.0 188
347.5909 1199.0 188
357.5281 150.0 188
358.1378 149.0 188
358.7476 147.0 188
