#RPLIDAR SCAN DATA
#COUNT=396
#Angule	Distance	Quality
355.6055 2419.0 188
356.2152 2368.0 188
356.8414 2369.0 188
357.5775 2360.0 188
358.0609 2346.0 188
358.8080 2336.0 188
359.4177 2327.0 188
359.9011 2321.0 188
0.6537 2289.0 188
1.1371 2269.0 188
9.3109 2291.0 188
9.9371 2255.0 188
10.5579 2245.0 188
11.1676 2240.0 188
11.7938 2233.0 188
12.4200 2218.0 188
13.0298 2217.0 188
13.6560 2210.0 188
14.2767 2218.0 188
14.8865 2221.0 188
15.5127 2213.0 188
16.1389 2217.0 188
16.7487 2199.0 188
17.3749 2192.0 188
17.9956 2217.0 188
18.6053 2221.0 188
19.2316 2234.0 188
19.8578 2222.0 188
20.5884 1633.0 188
21.5936 1241.0 188
22.0935 1247.0 188
23.0768 1062.0 188
23.5767 1058.0 188
24.3237 1059.0 188
24.9500 1059.0 188
25.5762 1062.0 188
26.1859 1060.0 188
26.6858 1065.0 188
27.4329 1065.0 188
28.0591 1074.0 188
28.5590 1072.0 188
29.1687 1075.0 188
29.7949 1075.0 188
30.4211 1079.0 188
31.0419 1080.0 188
31.6681 1084.0 188
32.2943 1087.0 188
32.9041 1091.0 188
33.5303 1090.0 188
34.1510 1095.0 188
34.7772 1100.0 188
35.4034 1102.0 188
36.0132 1105.0 188
36.6394 1112.0 188
37.2656 1114.0 188
37.7655 1123.0 188
38.5126 1137.0 188
39.1223 1131.0 188
39.7485 1135.0 188
40.3748 1141.0 188
40.9955 1142.0 188
41.4954 1151.0 188
42.1216 1157.0 188
42.8577 1159.0 188
43.4839 1168.0 188
44.1046 1174.0 188
44.6045 1186.0 188
45.2142 1191.0 188
45.8405 1199.0 188
46.4667 1208.0 188
47.0929 1216.0 188
47.7026 1222.0 188
48.3234 1227.0 188
48.9496 1241.0 188
49.5758 1248.0 188
50.1855 1253.0 188
50.8118 1263.0 188
51.3116 1271.0 188
52.0587 1273.0 188
52.6685 1281.0 188
53.2947 1289.0 188
53.7946 1297.0 188
54.4208 1310.0 188
55.1514 1322.0 188
55.6512 1327.0 188
56.2775 1339.0 188
56.9037 1352.0 188
57.5134 1365.0 188
58.1396 1369.0 188
58.7604 1392.0 188
59.3866 1401.0 188
59.8700 1415.0 188
60.6226 1430.0 188
61.2488 1438.0 188
61.8750 1456.0 188
62.3584 1479.0 188
76.9977 2022.0 188
96.8390 319.0 188
97.5751 315.0 188
98.0750 311.0 188
98.8110 308.0 188
99.1846 308.0 188
99.5416 308.0 188
100.5469 302.0 188
114.7028 342.0 188
115.1862 341.0 188
115.8124 338.0 188
116.6693 337.0 188
116.9165 338.0 188
117.9053 340.0 188
118.6359 341.0 188
119.2621 343.0 188
119.3719 345.0 188
119.8718 346.0 188
120.6079 347.0 188
121.4648 348.0 188
122.2174 348.0 188
122.5745 349.0 188
123.3270 349.0 188
123.9368 350.0 188
124.5575 352.0 188
125.1672 356.0 188
125.4199 364.0 188
125.6671 377.0 188
126.5295 383.0 188
127.1558 390.0 188
127.4030 394.0 188
128.0292 397.0 188
128.7653 397.0 188
129.5123 397.0 188
130.0122 397.0 188
130.6219 396.0 188
131.4954 396.0 188
131.7480 398.0 188
132.4951 405.0 188
136.8402 321.0 188
138.0927 319.0 188
138.5760 323.0 188
139.4495 313.0 188
140.0757 309.0 188
140.9326 309.0 188
141.1853 311.0 188
141.4325 306.0 188
142.3114 303.0 188
142.7948 302.0 188
144.1681 301.0 188
144.7943 300.0 188
145.2942 300.0 188
145.9039 302.0 188
146.5137 307.0 188
149.6667 3196.0 188
150.2765 3218.0 188
150.8862 3236.0 188
151.5125 3257.0 188
152.1222 3270.0 188
152.7484 3298.0 188
153.2318 5559.0 188
153.8580 5539.0 188
154.4678 4976.0 188
155.0885 4532.0 188
155.6982 4437.0 188
156.4508 3180.0 188
157.0605 3120.0 188
157.6868 3090.0 188
158.2965 3023.0 188
158.9172 2945.0 188
159.6533 2912.0 188
160.1532 2957.0 188
160.7629 3129.0 188
161.2628 4065.0 188
161.8890 4027.0 188
162.5153 4001.0 188
163.1250 3965.0 188
163.7457 3941.0 188
164.3719 3922.0 188
165.1245 3883.0 188
165.6244 3857.0 188
166.3550 3841.0 188
166.9812 3815.0 188
167.4811 3793.0 188
168.2336 3771.0 188
168.8434 3746.0 188
169.4641 3733.0 188
170.0903 3709.0 188
170.7166 3690.0 188
171.3428 3657.0 188
171.9525 3653.0 188
172.5732 3629.0 188
173.1995 3598.0 188
173.8257 3591.0 188
174.4354 3553.0 188
175.0616 3553.0 188
175.6824 3532.0 188
176.3086 3516.0 188
176.9348 3494.0 188
177.5446 3473.0 188
178.1708 3473.0 188
178.7915 3457.0 188
179.4177 3450.0 188
180.0439 3432.0 188
180.6537 3432.0 188
181.2799 3403.0 188
181.9061 3392.0 188
182.5104 3387.0 188
183.1366 3381.0 188
183.7628 3373.0 188
184.3890 3363.0 188
184.9988 3358.0 188
185.6250 3353.0 188
186.2457 3337.0 188
186.8555 3339.0 188
187.4817 3331.0 188
188.1079 3330.0 188
188.7341 3304.0 188
189.3384 3301.0 188
189.9646 3308.0 188
190.5908 3298.0 188
191.2006 3299.0 188
191.8268 3292.0 188
192.4530 3286.0 188
193.0737 3286.0 188
193.6835 3285.0 188
194.3097 3286.0 188
205.4059 190.0 188
206.0266 192.0 188
201.7639 3218.0 188
202.3901 3244.0 188
202.9999 3269.0 188
203.6206 3287.0 188
204.2468 3288.0 188
204.8730 3281.0 188
205.4993 3255.0 188
206.1090 3215.0 188
212.8271 4145.0 188
213.4479 4129.0 188
214.0576 4101.0 188
214.6838 4124.0 188
215.3101 4132.0 188
215.9363 4145.0 188
216.5625 4163.0 188
217.1667 4192.0 188
217.7930 4209.0 188
218.4192 4220.0 188
219.0454 4249.0 188
219.6716 4254.0 188
220.2759 4253.0 188
220.9021 4268.0 188
221.5283 4294.0 188
222.1545 4306.0 188
222.7808 4332.0 188
223.4015 4354.0 188
224.0277 4370.0 188
224.6539 4404.0 188
225.2802 4413.0 188
225.9009 4456.0 188
226.5271 4478.0 188
227.1533 4490.0 188
227.7795 4513.0 188
228.4058 4540.0 188
229.0265 4581.0 188
229.6527 4612.0 188
230.2789 4649.0 188
230.9052 4706.0 188
231.5259 4721.0 188
232.1521 4736.0 188
232.7783 4787.0 188
233.4045 4817.0 188
234.0308 4863.0 188
234.6515 4899.0 188
235.2777 4922.0 188
235.9039 4963.0 188
236.5302 5013.0 188
237.1509 5053.0 188
237.7771 5110.0 188
238.4033 5159.0 188
239.0295 5196.0 188
239.6558 5234.0 188
240.2655 5282.0 188
240.8862 5337.0 188
241.4960 5374.0 188
242.1222 5433.0 188
242.7484 5488.0 188
243.3582 5564.0 188
243.9844 5608.0 188
244.6051 5652.0 188
245.2148 5735.0 188
245.7147 5797.0 188
246.4673 5856.0 188
246.9507 5993.0 188
247.5769 6029.0 188
248.2031 6063.0 188
248.8074 6170.0 188
249.4336 6234.0 188
250.0598 6431.0 188
250.6696 6397.0 188
251.2958 6435.0 188
251.9165 6592.0 188
252.5262 6685.0 188
253.1525 6773.0 188
253.7787 6947.0 188
254.3884 7038.0 188
255.0146 7126.0 188
255.6354 7131.0 188
256.2451 7121.0 188
256.8713 7084.0 188
257.4976 7029.0 188
258.1073 7029.0 188
258.7335 6947.0 188
259.3542 6921.0 188
259.9640 6916.0 188
260.5902 6997.0 188
261.2000 7070.0 188
261.8262 7241.0 188
262.4359 7349.0 188
263.0621 7613.0 188
263.6829 7608.0 188
266.1548 8480.0 188
294.6094 10371.0 188
299.6686 5298.0 188
300.2948 5058.0 188
300.9045 4793.0 188
301.5308 4561.0 188
302.1405 4354.0 188
302.7612 4197.0 188
303.3710 4011.0 188
304.1235 3812.0 188
304.7498 3690.0 188
305.3540 3556.0 188
305.9802 3431.0 188
307.3425 2839.0 188
308.5730 2676.0 188
309.1992 2885.0 188
309.8090 2833.0 188
310.4352 2759.0 188
311.0449 2703.0 188
311.6711 2646.0 188
312.2809 2573.0 188
312.9016 2513.0 188
313.5114 2460.0 188
314.2639 2396.0 188
314.8901 2337.0 188
315.4999 2295.0 188
316.1206 2288.0 188
316.7303 2298.0 188
317.3566 2317.0 188
317.9663 2332.0 188
318.4662 2347.0 188
319.0924 2358.0 188
319.7021 2375.0 188
320.3119 2381.0 188
320.9326 2398.0 188
321.5424 2406.0 188
322.1686 2416.0 188
322.7783 2447.0 188
323.4045 2463.0 188
324.0143 2476.0 188
324.6240 2503.0 188
325.2448 2518.0 188
325.8545 2528.0 188
326.4807 2555.0 188
327.0905 2578.0 188
327.7167 2602.0 188
328.3264 2620.0 188
328.9526 2638.0 188
329.5624 2668.0 188
330.1666 2694.0 188
330.7928 2715.0 188
331.4026 2745.0 188
332.0288 2771.0 188
332.6385 2811.0 188
333.2648 2833.0 188
333.8745 2866.0 188
334.4843 2902.0 188
334.9841 2938.0 188
335.5884 2980.0 188
336.2146 2973.0 188
336.9507 2943.0 188
337.4506 2904.0 188
338.1866 2883.0 188
338.6865 2849.0 188
339.4171 2821.0 188
340.0433 2799.0 188
340.6531 2777.0 188
341.2793 2750.0 188
341.8890 2727.0 188
342.5153 2712.0 188
343.1250 2686.0 188
343.7457 2668.0 188
344.3719 2652.0 188
344.9817 2628.0 188
345.6079 2617.0 188
346.2177 2592.0 188
346.8384 2618.0 188
357.4347 152.0 188
358.0444 149.0 188
358.6707 147.0 188
