#RPLIDAR SCAN DATA
#COUNT=384
#Angule	Distance	Quality
356.1548 2713.0 188
356.7810 2754.0 188
357.3853 2815.0 188
358.0115 2839.0 188
358.6212 2815.0 188
359.2474 2803.0 188
359.8737 2774.0 188
0.4834 2737.0 188
1.1041 2701.0 188
9.7614 2623.0 188
10.3876 2595.0 188
10.9973 2562.0 188
11.6235 2548.0 188
12.2333 2547.0 188
12.8540 2532.0 188
13.4802 2526.0 188
14.0900 2522.0 188
14.7162 2518.0 188
15.3259 2502.0 188
15.9521 2504.0 188
16.5729 2488.0 188
17.1826 2486.0 188
17.8088 2479.0 188
18.4186 2478.0 188
19.0448 2454.0 188
19.6710 2458.0 188
20.2808 2459.0 188
20.9015 2458.0 188
21.5277 2454.0 188
22.1539 2450.0 188
22.7637 2447.0 188
23.3899 2448.0 188
24.0106 2443.0 188
24.6368 2459.0 188
25.2631 2458.0 188
25.8728 2430.0 188
26.4990 2447.0 188
27.1198 2439.0 188
27.7460 2455.0 188
28.3557 2441.0 188
28.9819 2441.0 188
29.6082 2442.0 188
30.2344 2445.0 188
30.8551 2447.0 188
31.4648 2461.0 188
32.0911 2447.0 188
32.7173 2439.0 188
33.3435 2444.0 188
33.9478 2454.0 188
34.5740 2460.0 188
35.2002 2466.0 188
35.8264 2461.0 188
36.4526 2466.0 188
37.0624 2465.0 188
37.6831 2478.0 188
38.3093 2487.0 188
38.9355 2489.0 188
39.5618 2505.0 188
40.1715 2497.0 188
40.7922 2506.0 188
41.4185 2520.0 188
42.0447 2532.0 188
42.6544 2531.0 188
43.2806 2519.0 188
43.9014 2401.0 188
44.6539 2297.0 188
45.2802 2211.0 188
45.8899 2150.0 188
46.5106 2074.0 188
47.1368 2009.0 188
47.7631 1946.0 188
48.4991 1891.0 188
49.1199 1833.0 188
49.7461 1783.0 188
50.3723 1738.0 188
51.1249 1692.0 188
51.6083 1637.0 188
52.3553 1630.0 188
52.9816 1583.0 188
53.6078 1541.0 188
54.2175 1513.0 188
54.8438 1482.0 188
55.5908 1463.0 188
56.0907 1466.0 188
56.7169 1479.0 188
57.4530 1481.0 188
57.9529 1496.0 188
58.5736 1506.0 188
59.1998 1515.0 188
59.8260 1536.0 188
75.2014 1879.0 188
75.7013 1905.0 188
76.4484 1934.0 188
77.0746 1944.0 188
94.8395 347.0 188
95.7184 343.0 188
96.4655 337.0 188
96.7017 332.0 188
112.9175 349.0 188
113.0273 350.0 188
113.9063 350.0 188
114.6368 352.0 188
115.2631 358.0 188
115.6201 366.0 188
115.9991 371.0 188
116.7297 375.0 188
117.4823 379.0 188
117.8394 382.0 188
118.7183 385.0 188
119.2017 388.0 188
119.8279 391.0 188
120.0586 393.0 188
121.0583 395.0 188
121.4209 394.0 188
122.2943 393.0 188
122.7777 393.0 188
123.4039 395.0 188
123.8873 398.0 188
124.2609 405.0 188
124.9969 413.0 188
125.7495 416.0 188
126.2329 418.0 188
126.7328 421.0 188
127.2327 422.0 188
128.2159 422.0 188
128.7158 420.0 188
129.3256 418.0 188
130.1990 415.0 188
130.6824 413.0 188
131.1823 412.0 188
131.6821 414.0 188
132.5446 417.0 188
132.9181 428.0 188
137.1204 324.0 188
138.1201 321.0 188
138.6200 324.0 188
139.3561 315.0 188
139.6088 312.0 188
140.4657 311.0 188
141.2183 313.0 188
141.4490 307.0 188
142.4487 304.0 188
142.7014 303.0 188
144.0582 303.0 188
144.3109 302.0 188
144.5416 301.0 188
145.1678 303.0 188
146.4203 307.0 188
157.1539 3333.0 188
157.7802 3265.0 188
158.4009 3134.0 188
159.0106 3142.0 188
160.2466 3341.0 188
160.8728 3375.0 188
161.3727 4390.0 188
161.9824 4357.0 188
162.6086 4327.0 188
163.2294 4280.0 188
163.8391 4234.0 188
164.4653 4177.0 188
165.0751 4145.0 188
165.7013 4100.0 188
166.3275 4042.0 188
166.9373 4008.0 188
167.5580 3981.0 188
168.3105 3943.0 188
168.7939 3906.0 188
169.4202 3857.0 188
170.1563 3830.0 188
170.7770 3804.0 188
171.4032 3778.0 188
172.0129 3751.0 188
172.6392 3711.0 188
173.2654 3690.0 188
173.8696 3666.0 188
174.4958 3632.0 188
175.1056 3596.0 188
175.7318 3575.0 188
176.3580 3558.0 188
176.9678 3532.0 188
177.5885 3522.0 188
178.2147 3490.0 188
178.8245 3471.0 188
179.4507 3449.0 188
180.0769 3432.0 188
180.7031 3403.0 188
181.3239 3384.0 188
181.9501 3363.0 188
182.5763 3343.0 188
183.2025 3332.0 188
183.8232 3316.0 188
184.4495 3299.0 188
185.0757 3280.0 188
185.7019 3264.0 188
186.3281 3252.0 188
186.9489 3256.0 188
187.5751 3230.0 188
188.2013 3212.0 188
188.8110 3209.0 188
189.4373 3201.0 188
190.0580 3198.0 188
190.6842 3182.0 188
191.3104 3172.0 188
191.9366 3167.0 188
192.5574 3152.0 188
193.1836 3135.0 188
193.8098 3126.0 188
194.4360 3122.0 188
205.5597 190.0 188
206.1694 192.0 188
201.8903 3021.0 188
202.5110 3044.0 188
203.1372 3054.0 188
203.7469 3050.0 188
204.3732 3049.0 188
204.9994 3022.0 188
205.6091 2996.0 188
206.2299 2934.0 188
213.0469 3786.0 188
213.5468 3762.0 188
214.2938 3742.0 188
214.9036 3735.0 188
215.5298 3749.0 188
216.1560 3749.0 188
216.7603 3769.0 188
217.2656 3762.0 188
218.0127 3767.0 188
218.6389 3789.0 188
219.1388 3777.0 188
219.8859 3792.0 188
220.5121 3807.0 188
221.1383 3803.0 188
221.6382 3816.0 188
222.2644 3834.0 188
223.0115 3836.0 188
223.6377 3833.0 188
224.2639 3859.0 188
224.7638 3850.0 188
225.3900 3888.0 188
226.0107 3898.0 188
226.7633 3912.0 188
227.3895 3918.0 188
228.0267 3927.0 188
228.5266 3946.0 188
229.1528 3946.0 188
229.9054 3956.0 188
230.4053 3996.0 188
231.0260 4021.0 188
231.6522 4025.0 188
232.2784 4050.0 188
232.9047 4054.0 188
233.5309 4084.0 188
234.1516 4111.0 188
234.7778 4150.0 188
235.4041 4132.0 188
236.0303 4181.0 188
236.6510 4194.0 188
237.2772 4236.0 188
237.9199 4268.0 188
238.5297 4297.0 188
239.1559 4336.0 188
239.7766 4350.0 188
240.4028 4401.0 188
241.0291 4402.0 188
241.6388 4454.0 188
242.2650 4460.0 188
242.8857 4516.0 188
243.5120 4536.0 188
244.1382 4571.0 188
244.7479 4618.0 188
245.3741 4651.0 188
245.9949 4675.0 188
246.6211 4744.0 188
247.2473 4772.0 188
247.8735 4806.0 188
248.4833 4841.0 188
249.1040 4903.0 188
249.7302 4940.0 188
250.3564 4983.0 188
250.9827 5013.0 188
251.5924 5077.0 188
252.2186 5125.0 188
252.8394 5191.0 188
253.4656 5246.0 188
254.0918 5277.0 188
254.7015 5332.0 188
255.3278 5398.0 188
255.9485 5469.0 188
256.5747 5550.0 188
257.2009 5573.0 188
257.8271 5628.0 188
258.4369 5690.0 188
259.0576 5784.0 188
259.5465 5921.0 188
260.1672 5996.0 188
260.7770 6063.0 188
261.4032 6115.0 188
262.0129 6213.0 188
262.6392 6318.0 188
263.2489 6370.0 188
263.8696 6489.0 188
264.4794 6528.0 188
265.1056 6536.0 188
265.7153 6462.0 188
266.3416 6454.0 188
266.9513 6366.0 188
267.5775 6348.0 188
268.1982 6314.0 188
268.8080 6231.0 188
269.4342 6238.0 188
270.0439 6355.0 188
270.6702 6442.0 188
271.2799 6564.0 188
271.9061 6681.0 188
272.5104 6974.0 188
273.1366 7038.0 188
273.7463 7178.0 188
274.3726 7369.0 188
274.9823 7565.0 188
275.6085 7673.0 188
276.2183 7897.0 188
278.0750 8561.0 188
285.5127 14275.0 188
286.1224 14409.0 188
305.9198 9639.0 188
306.5295 9779.0 188
307.1558 9814.0 188
310.2319 6132.0 188
310.8582 5917.0 188
311.5887 5634.0 188
312.2150 5353.0 188
314.0607 4774.0 188
314.6869 4538.0 188
315.2966 4410.0 188
315.9174 4224.0 188
316.5271 4076.0 188
317.1533 3986.0 188
317.8894 3829.0 188
318.5156 3721.0 188
319.1199 3610.0 188
319.7461 3503.0 188
320.3558 3417.0 188
320.9821 3354.0 188
321.5918 3235.0 188
322.2180 3143.0 188
322.8278 3073.0 188
323.4485 3008.0 188
324.0582 2957.0 188
324.8108 2890.0 188
325.4205 2582.0 188
326.0468 2527.0 188
326.6510 2471.0 188
327.2772 2428.0 188
328.0133 2341.0 188
328.6395 2283.0 188
329.2493 2257.0 188
329.7491 2412.0 188
330.3589 2403.0 188
330.9796 2368.0 188
331.5894 2325.0 188
332.3419 2302.0 188
332.8253 2273.0 188
333.5779 2233.0 188
334.1821 2192.0 188
334.8083 2163.0 188
335.4181 2134.0 188
336.0443 2111.0 188
336.6541 2078.0 188
337.2803 2050.0 188
337.8900 2021.0 188
338.5107 1998.0 188
339.1370 1969.0 188
339.7467 1962.0 188
340.3729 1976.0 188
340.9991 1999.0 188
341.6199 2012.0 188
342.2296 2028.0 188
342.8558 2056.0 188
343.4821 2069.0 188
344.0918 2082.0 188
344.7180 2104.0 188
345.3387 2137.0 188
345.9650 2153.0 188
346.5747 2179.0 188
