#RPLIDAR SCAN DATA
#COUNT=385
#Angule	Distance	Quality
355.9351 1967.0 188
356.5613 1953.0 188
357.3083 1920.0 188
357.9346 1753.0 188
358.5608 1741.0 188
359.1870 1744.0 188
359.7968 1742.0 188
0.4175 1721.0 188
1.0437 1717.0 188
9.1406 1813.0 188
9.7449 1802.0 188
10.3711 1779.0 188
10.9973 1773.0 188
11.6235 1778.0 188
12.2498 1778.0 188
12.8540 1777.0 188
13.4802 1778.0 188
14.1064 1792.0 188
14.7327 1792.0 188
15.3589 1795.0 188
15.9686 1797.0 188
16.5894 1805.0 188
17.2156 1812.0 188
17.8418 1818.0 188
18.4680 1817.0 188
19.0887 1832.0 188
19.6985 1831.0 188
20.3247 1837.0 188
20.9509 1849.0 188
21.5771 1848.0 188
22.1979 1857.0 188
22.8076 1861.0 188
23.3075 1865.0 188
24.0601 1872.0 188
24.6863 1890.0 188
25.3125 1895.0 188
25.7959 1901.0 188
26.4166 1908.0 188
27.1692 1921.0 188
27.6691 1935.0 188
28.4216 1941.0 188
29.0424 1948.0 188
29.5313 1964.0 188
30.1520 1969.0 188
30.7782 1982.0 188
31.4044 1991.0 188
32.0306 2007.0 188
32.6514 2010.0 188
33.2776 2026.0 188
33.9038 2047.0 188
34.5135 2055.0 188
35.1398 2069.0 188
35.7605 2090.0 188
36.3867 2107.0 188
37.0129 2114.0 188
37.6392 2125.0 188
38.2654 2156.0 188
38.8861 2171.0 188
39.4958 2176.0 188
40.1221 2204.0 188
40.7483 2202.0 188
41.3745 2227.0 188
41.9952 2248.0 188
42.4951 2254.0 188
43.2477 2283.0 188
43.7476 2307.0 188
44.3573 2320.0 188
44.9835 2350.0 188
45.7306 2370.0 188
46.2305 2389.0 188
46.8567 2426.0 188
47.4829 2438.0 188
48.1091 2460.0 188
48.7299 2502.0 188
49.3396 2525.0 188
49.9658 2545.0 188
50.5920 2586.0 188
51.2183 2610.0 188
51.8390 2646.0 188
52.4652 2677.0 188
53.0914 2701.0 188
53.7177 2736.0 188
54.3384 2631.0 188
54.9646 2603.0 188
55.5908 2576.0 188
56.2170 2560.0 188
56.8433 2542.0 188
57.4640 2524.0 188
58.0902 2496.0 188
58.7164 2824.0 188
59.2163 2882.0 188
59.8425 2917.0 188
100.5908 329.0 188
101.5906 328.0 188
102.3431 327.0 188
102.3431 326.0 188
103.5901 322.0 188
104.0900 320.0 188
116.1859 382.0 188
117.0593 379.0 188
117.2955 376.0 188
118.4216 376.0 188
118.7952 376.0 188
119.5422 376.0 188
120.0421 376.0 188
120.6683 376.0 188
121.4209 377.0 188
121.6681 379.0 188
122.4042 382.0 188
123.0304 386.0 188
123.7775 390.0 188
124.1510 393.0 188
124.7772 394.0 188
125.4034 395.0 188
126.2769 396.0 188
126.5295 396.0 188
127.1393 394.0 188
127.8864 392.0 188
128.6389 392.0 188
129.0125 391.0 188
129.7650 391.0 188
130.5121 392.0 188
130.8856 395.0 188
131.7645 400.0 188
134.7308 363.0 188
135.2142 364.0 188
135.9668 330.0 188
137.0764 331.0 188
137.2028 330.0 188
138.0762 326.0 188
138.6859 322.0 188
139.1858 319.0 188
140.0427 317.0 188
140.7953 317.0 188
141.4050 319.0 188
141.7786 308.0 188
142.7783 307.0 188
143.5144 306.0 188
143.8879 305.0 188
144.6240 303.0 188
145.6238 303.0 188
145.7336 306.0 188
146.3544 311.0 188
149.2932 3898.0 188
149.9194 3869.0 188
150.6665 3841.0 188
151.2927 3836.0 188
151.9189 3809.0 188
152.5452 3781.0 188
153.1714 3763.0 188
153.7921 3739.0 188
154.4183 3707.0 188
155.0610 3689.0 188
155.6873 3657.0 188
156.3080 3640.0 188
156.9342 3628.0 188
157.5604 3614.0 188
158.1866 3590.0 188
158.8074 3564.0 188
159.4336 3569.0 188
160.0598 3539.0 188
160.6860 3515.0 188
161.3123 3508.0 188
161.9495 3502.0 188
162.5757 3500.0 188
163.2019 3468.0 188
163.8281 3444.0 188
164.4489 3416.0 188
165.0751 3427.0 188
165.7013 3415.0 188
166.3275 3393.0 188
166.9482 3380.0 188
167.5745 3368.0 188
168.2172 3364.0 188
168.8269 3353.0 188
169.4531 3336.0 188
170.0739 3329.0 188
170.7001 3329.0 188
171.3263 3327.0 188
171.9525 3306.0 188
172.5732 3302.0 188
173.1995 3292.0 188
173.8257 3272.0 188
174.4519 3286.0 188
175.0781 3273.0 188
175.6989 3266.0 188
176.3251 3251.0 188
176.9513 3264.0 188
177.5775 3249.0 188
178.1982 3247.0 188
178.8245 3244.0 188
179.4507 3250.0 188
180.0769 3243.0 188
180.7031 3228.0 188
181.3239 3251.0 188
181.9501 3254.0 188
182.5763 3244.0 188
183.2025 3267.0 188
183.8232 3241.0 188
184.4495 3260.0 188
185.0757 3247.0 188
185.7019 3248.0 188
186.3281 3265.0 188
186.9489 3266.0 188
187.5751 3282.0 188
188.2013 3276.0 188
188.8110 3285.0 188
189.4373 3288.0 188
190.0580 3285.0 188
190.6842 3303.0 188
191.3104 3273.0 188
191.9366 3302.0 188
192.5574 3305.0 188
193.1836 3309.0 188
193.8098 3302.0 188
194.4360 3338.0 188
205.5597 190.0 188
206.1694 191.0 188
201.9177 3288.0 188
202.5439 3192.0 188
203.1702 3089.0 188
203.7964 2996.0 188
204.4171 2934.0 188
205.1697 2841.0 188
205.7959 2765.0 188
206.4166 2708.0 188
212.5415 3016.0 188
213.1677 3005.0 188
213.7939 3017.0 188
214.4202 3014.0 188
215.0464 3029.0 188
215.6671 3053.0 188
216.2933 3077.0 188
216.9196 3085.0 188
217.5458 3112.0 188
218.1665 3131.0 188
218.7927 3158.0 188
219.4189 3192.0 188
220.0452 3206.0 188
220.6714 3226.0 188
221.2921 3254.0 188
221.9183 3283.0 188
222.5446 3313.0 188
223.1708 3338.0 188
223.7915 3380.0 188
224.4177 3406.0 188
225.0439 3438.0 188
225.6702 3486.0 188
226.2964 3503.0 188
226.9171 3549.0 188
227.5433 3592.0 188
228.1860 3634.0 188
228.8123 3672.0 188
229.4330 3704.0 188
230.0592 3726.0 188
230.6854 3785.0 188
231.3116 3830.0 188
231.8115 3878.0 188
232.4323 3921.0 188
233.0585 3965.0 188
233.6847 4001.0 188
234.3109 4093.0 188
234.9371 4148.0 188
235.5579 4199.0 188
236.1841 4263.0 188
236.8103 4324.0 188
237.4365 4391.0 188
238.0573 4462.0 188
238.6835 4532.0 188
239.3097 4596.0 188
239.9359 4710.0 188
240.6830 3183.0 188
241.3092 3180.0 188
241.9354 3208.0 188
242.5616 3212.0 188
243.1824 3280.0 188
243.8086 3293.0 188
244.4348 3280.0 188
245.0610 3259.0 188
247.3077 7289.0 188
247.9504 7555.0 188
248.5602 7694.0 188
249.1864 7973.0 188
251.0596 8434.0 188
251.6858 8671.0 188
252.2955 8394.0 188
256.0309 9528.0 188
256.6516 9470.0 188
257.2778 9470.0 188
258.5303 10311.0 188
287.1716 7169.0 188
288.4021 6616.0 188
289.6381 6077.0 188
290.2643 5822.0 188
290.9949 5669.0 188
291.6211 5693.0 188
292.2308 5666.0 188
292.8571 5708.0 188
293.4668 5717.0 188
294.0930 5741.0 188
294.5764 5748.0 188
295.3235 5806.0 188
295.9332 5825.0 188
296.4331 5850.0 188
297.1692 5866.0 188
297.7954 5937.0 188
298.4216 5966.0 188
298.9050 5986.0 188
299.5313 5983.0 188
300.1355 6013.0 188
301.0144 3687.0 188
301.6241 3642.0 188
302.2449 3563.0 188
302.8546 3490.0 188
303.4808 3446.0 188
304.0906 3381.0 188
304.7168 3310.0 188
305.3265 3243.0 188
305.9528 3185.0 188
306.5625 3138.0 188
307.1832 3086.0 188
307.8094 3036.0 188
308.4192 3007.0 188
309.0454 2957.0 188
309.7925 2912.0 188
310.2924 2865.0 188
311.0449 2826.0 188
311.6711 2777.0 188
312.2919 2747.0 188
312.9181 2717.0 188
313.5443 2676.0 188
314.1705 2651.0 188
314.7968 2606.0 188
315.4175 2577.0 188
316.0437 2553.0 188
316.6699 2521.0 188
317.2961 2499.0 188
317.9169 2462.0 188
318.5266 2436.0 188
319.1528 2415.0 188
319.7791 2383.0 188
320.4053 2369.0 188
321.0260 2348.0 188
321.7786 2316.0 188
322.2784 2301.0 188
322.9047 2277.0 188
323.6517 2261.0 188
324.2780 2245.0 188
324.9042 2221.0 188
325.5304 2204.0 188
326.1511 2187.0 188
326.7773 2163.0 188
327.4036 2152.0 188
328.0298 2124.0 188
328.6395 2113.0 188
329.2603 2103.0 188
329.8865 2098.0 188
330.5127 2076.0 188
331.1224 2056.0 188
331.7487 2047.0 188
332.3749 2033.0 188
332.9956 2017.0 188
333.6053 2011.0 188
334.2316 1984.0 188
334.8578 1977.0 188
335.4840 1978.0 188
336.2146 1954.0 188
336.7145 1947.0 188
337.4670 1937.0 188
337.9669 1921.0 188
338.5767 1912.0 188
339.3237 1898.0 188
339.9500 1895.0 188
340.4498 1892.0 188
341.0596 1881.0 188
341.8121 1869.0 188
342.4329 1863.0 188
343.0591 1858.0 188
343.6688 1849.0 188
344.2950 1846.0 188
344.9213 1834.0 188
345.5420 1829.0 188
346.1517 1823.0 188
346.7780 1823.0 188
357.1381 152.0 188
