#RPLIDAR SCAN DATA
#COUNT=392
#Angule	Distance	Quality
356.0284 1508.0 188
356.6547 1506.0 188
357.2644 1505.0 188
357.8906 1496.0 188
358.5114 1493.0 188
359.1211 1491.0 188
359.7473 1491.0 188
0.3735 1476.0 188
0.9998 1460.0 188
9.0582 1505.0 188
9.6844 1499.0 188
10.4205 1481.0 188
11.0468 1475.0 188
11.5466 1467.0 188
12.1509 1465.0 188
12.7771 1461.0 188
13.5297 1467.0 188
14.0295 1468.0 188
14.7656 1471.0 188
15.2655 1474.0 188
15.8862 1474.0 188
16.5125 1476.0 188
17.2650 1480.0 188
17.7649 1481.0 188
18.3856 1483.0 188
19.1382 1488.0 188
19.6381 1491.0 188
20.2643 1495.0 188
20.8905 1496.0 188
21.5112 1499.0 188
22.1375 1501.0 188
22.7637 1510.0 188
23.3899 1513.0 188
24.0106 1516.0 188
24.6368 1523.0 188
25.2631 1528.0 188
25.8893 1531.0 188
26.5155 1534.0 188
27.1362 1537.0 188
27.7625 1547.0 188
28.3887 1550.0 188
29.0149 1559.0 188
29.6356 1563.0 188
30.2618 1566.0 188
30.8881 1572.0 188
31.5143 1587.0 188
32.1405 1591.0 188
32.7612 1596.0 188
33.2611 1600.0 188
34.0137 1616.0 188
34.6399 1677.0 188
35.1398 1850.0 188
35.7605 1875.0 188
36.4032 1885.0 188
37.5128 1953.0 188
38.2654 1862.0 188
38.8861 1824.0 188
39.5123 1699.0 188
40.1385 1704.0 188
40.7648 1711.0 188
41.3855 1725.0 188
42.0117 1741.0 188
42.6379 1766.0 188
43.2642 1785.0 188
43.8904 1796.0 188
44.5111 1808.0 188
45.1373 1835.0 188
45.7635 1843.0 188
46.2634 1860.0 188
47.0105 1871.0 188
47.6367 1891.0 188
48.2629 1916.0 188
48.7628 1912.0 188
49.5154 1926.0 188
50.0153 1945.0 188
50.7623 1964.0 188
51.2622 1985.0 188
51.8884 2006.0 188
52.5146 2021.0 188
53.1354 2048.0 188
53.7616 2062.0 188
54.3878 2080.0 188
55.0140 2110.0 188
55.6403 2136.0 188
56.2610 2146.0 188
56.8707 2183.0 188
57.4969 2202.0 188
58.1232 2230.0 188
58.7494 2259.0 188
59.3701 2297.0 188
59.9963 2314.0 188
60.4962 2347.0 188
61.2488 2378.0 188
61.7487 2402.0 188
62.3749 2445.0 188
62.9791 2480.0 188
63.6053 2522.0 188
64.2316 2551.0 188
72.9822 142.0 188
73.6084 142.0 188
74.2291 142.0 188
74.8553 141.0 188
75.4816 141.0 188
76.1078 141.0 188
98.5748 330.0 188
99.4482 344.0 188
100.0745 342.0 188
100.8105 335.0 188
112.1375 354.0 188
112.5110 352.0 188
113.3899 349.0 188
113.8898 349.0 188
115.0104 352.0 188
115.3894 359.0 188
115.4993 369.0 188
116.1200 377.0 188
116.8726 382.0 188
117.3724 386.0 188
118.1250 389.0 188
118.3722 393.0 188
119.2456 396.0 188
119.6082 398.0 188
120.4816 400.0 188
120.7343 402.0 188
121.3550 404.0 188
122.1075 403.0 188
122.7338 404.0 188
123.5907 406.0 188
124.0906 409.0 188
124.7168 414.0 188
125.2167 419.0 188
125.8429 423.0 188
126.3428 424.0 188
127.0734 424.0 188
127.4524 425.0 188
128.0731 422.0 188
128.8257 416.0 188
129.5728 412.0 188
130.3253 410.0 188
130.6989 410.0 188
131.3086 412.0 188
132.1875 416.0 188
133.9343 365.0 188
134.5605 358.0 188
135.4340 358.0 188
138.4167 330.0 188
139.2957 324.0 188
140.4218 320.0 188
140.4053 321.0 188
141.6522 314.0 188
141.7786 311.0 188
143.0310 309.0 188
143.0310 309.0 188
144.2780 309.0 188
144.8877 308.0 188
145.1404 308.0 188
146.2610 307.0 188
146.1401 310.0 188
146.8872 314.0 188
150.6061 4530.0 188
151.2323 4495.0 188
151.8420 4450.0 188
152.4683 4424.0 188
153.0890 4384.0 188
153.7152 4350.0 188
154.3414 4304.0 188
154.9677 4283.0 188
155.5884 4229.0 188
156.1981 4220.0 188
156.8243 4176.0 188
157.4506 4159.0 188
158.0768 4125.0 188
158.7030 4111.0 188
159.3237 4071.0 188
159.9335 4039.0 188
160.5597 3995.0 188
161.1859 3971.0 188
161.8121 3962.0 188
162.5592 3944.0 188
163.1854 3918.0 188
163.7952 3895.0 188
164.2950 3874.0 188
165.0421 3843.0 188
165.6683 3836.0 188
166.1682 3805.0 188
166.9208 3792.0 188
167.5415 3775.0 188
168.1512 3775.0 188
168.7775 3749.0 188
169.4037 3734.0 188
170.0299 3714.0 188
170.6561 3708.0 188
171.2769 3711.0 188
171.8866 3692.0 188
172.5128 3664.0 188
173.1390 3647.0 188
173.7653 3639.0 188
174.3860 3654.0 188
175.0122 3638.0 188
175.6384 3629.0 188
176.2482 3624.0 188
176.8744 3614.0 188
177.4951 3604.0 188
178.1213 3591.0 188
178.7476 3593.0 188
179.3738 3583.0 188
180.0000 3583.0 188
180.6207 3576.0 188
181.2469 3559.0 188
181.8732 3581.0 188
182.4829 3559.0 188
183.1091 3555.0 188
183.7299 3553.0 188
184.3561 3548.0 188
184.9823 3531.0 188
185.6085 3529.0 188
186.2292 3533.0 188
186.8555 3550.0 188
187.4817 3525.0 188
188.1079 3548.0 188
188.7341 3540.0 188
189.3384 3538.0 188
189.9646 3394.0 188
190.5908 2889.0 188
191.3434 2855.0 188
191.9641 2857.0 188
192.4640 2853.0 188
193.2166 2858.0 188
193.7164 2853.0 188
194.4635 2859.0 188
205.4828 191.0 188
206.1090 192.0 188
201.8738 2944.0 188
202.5110 2942.0 188
203.1372 2937.0 188
203.7634 2947.0 188
204.3896 2957.0 188
205.1532 2958.0 188
205.7794 2939.0 188
206.4056 2890.0 188
212.5745 3177.0 188
213.2007 3158.0 188
213.8434 3125.0 188
214.4641 3143.0 188
215.0903 3148.0 188
215.7330 3168.0 188
216.3593 3193.0 188
216.9800 3217.0 188
217.6062 3228.0 188
218.2324 3243.0 188
218.8586 3264.0 188
219.4794 3280.0 188
220.1056 3310.0 188
220.7318 3334.0 188
221.3580 3350.0 188
221.9843 3372.0 188
222.6050 3398.0 188
223.2312 3424.0 188
223.8574 3457.0 188
224.4836 3482.0 188
225.1044 3501.0 188
225.7306 3535.0 188
226.3568 3559.0 188
226.9830 3602.0 188
227.6093 3630.0 188
228.2300 3648.0 188
228.8562 3677.0 188
229.6088 2599.0 188
230.2295 2607.0 188
230.8557 2603.0 188
231.4819 2594.0 188
232.1082 2612.0 188
232.7344 2640.0 188
233.3551 2700.0 188
233.9813 2654.0 188
234.6075 2604.0 188
236.2500 4167.0 188
236.8707 4204.0 188
237.4969 4292.0 188
238.1232 4332.0 188
238.7494 4368.0 188
239.3866 4441.0 188
240.0128 4494.0 188
240.6390 4557.0 188
241.2653 4633.0 188
241.8860 4700.0 188
242.5287 5666.0 188
243.1549 5895.0 188
243.6548 6026.0 188
244.2810 6139.0 188
244.9017 6220.0 188
246.1707 6469.0 188
246.7969 6385.0 188
247.4176 6592.0 188
248.0438 6761.0 188
248.6700 6921.0 188
249.3073 7033.0 188
249.9335 7131.0 188
250.5597 7250.0 188
251.1859 7354.0 188
259.9530 8554.0 188
260.5737 9322.0 188
261.2000 9322.0 188
261.8262 9290.0 188
293.6536 5809.0 188
294.4061 5622.0 188
295.0269 5363.0 188
295.6531 5161.0 188
296.2628 5020.0 188
296.8890 4817.0 188
297.5153 4647.0 188
298.1360 4643.0 188
298.7622 4655.0 188
299.3884 4681.0 188
300.0146 4715.0 188
300.6354 4704.0 188
301.2451 4727.0 188
301.8713 4746.0 188
302.4976 4761.0 188
303.1238 4778.0 188
303.7500 4821.0 188
304.3707 4854.0 188
304.9969 4881.0 188
305.6232 4899.0 188
306.2329 4940.0 188
306.8591 4944.0 188
307.4799 4988.0 188
308.1061 5002.0 188
308.7323 5030.0 188
309.3585 5058.0 188
309.9792 5096.0 188
310.6055 4999.0 188
311.4679 2717.0 188
312.0886 2696.0 188
312.7148 2648.0 188
313.3411 2596.0 188
313.9673 2563.0 188
314.5935 2516.0 188
315.2142 2491.0 188
315.8405 2442.0 188
316.4502 2406.0 188
317.0764 2374.0 188
317.8235 2336.0 188
318.3234 2309.0 188
319.0759 2279.0 188
319.6857 2251.0 188
320.3119 2235.0 188
320.9326 2195.0 188
321.5588 2182.0 188
322.1851 2155.0 188
322.7948 2130.0 188
323.4210 2102.0 188
324.0417 2071.0 188
324.6680 2054.0 188
325.2942 2032.0 188
325.9204 2017.0 188
326.5302 1995.0 188
327.1509 1971.0 188
327.7771 1951.0 188
328.4033 1937.0 188
329.1559 1917.0 188
329.7656 1902.0 188
330.2655 1888.0 188
331.0126 1866.0 188
331.6388 1856.0 188
332.2650 1835.0 188
332.8748 1820.0 188
333.4955 1809.0 188
334.1217 1794.0 188
334.7479 1780.0 188
335.3741 1771.0 188
335.9949 1746.0 188
336.6046 1743.0 188
337.2308 1734.0 188
337.9834 1718.0 188
338.4833 1706.0 188
339.1040 1690.0 188
339.7137 1685.0 188
340.3400 1670.0 188
341.0925 1665.0 188
341.5924 1658.0 188
342.2186 1648.0 188
342.9492 1628.0 188
343.5754 1630.0 188
344.2017 1622.0 188
344.7015 1619.0 188
345.4486 1598.0 188
345.9485 1600.0 188
346.6846 1591.0 188
347.1844 1612.0 188
357.5446 153.0 188
358.1708 150.0 188
