#RPLIDAR SCAN DATA
#COUNT=391
#Angule	Distance	Quality
356.1548 1481.0 188
356.7645 1483.0 188
357.4951 1482.0 188
357.9840 1479.0 188
358.6047 1472.0 188
359.2145 1475.0 188
359.8242 1465.0 188
0.4340 1449.0 188
1.1700 1433.0 188
9.1077 1486.0 188
9.5911 1469.0 188
10.2008 1456.0 188
10.8105 1442.0 188
11.4203 1444.0 188
12.1509 1442.0 188
12.7606 1443.0 188
13.3704 1441.0 188
13.8593 1454.0 188
14.4635 1449.0 188
15.0897 1447.0 188
15.8258 1448.0 188
16.3092 1449.0 188
16.9189 1460.0 188
17.6550 1461.0 188
18.2648 1464.0 188
18.7482 1465.0 188
19.4843 1468.0 188
19.9677 1466.0 188
20.5774 1468.0 188
21.3080 1469.0 188
21.8079 1469.0 188
22.4176 1476.0 188
23.0273 1482.0 188
24.4830 2673.0 188
25.0928 2680.0 188
25.7025 2682.0 188
26.3123 2684.0 188
26.9165 2693.0 188
27.5427 2701.0 188
28.1525 2710.0 188
28.7622 2719.0 188
29.3719 2735.0 188
29.9817 2742.0 188
30.5914 2758.0 188
31.2177 2769.0 188
31.8274 2786.0 188
32.4371 2785.0 188
33.0469 2802.0 188
33.6511 2806.0 188
34.2773 2821.0 188
34.8871 2845.0 188
35.4968 2857.0 188
35.9802 2873.0 188
36.5900 2889.0 188
37.2162 2898.0 188
37.8259 2917.0 188
38.4357 2927.0 188
39.0454 2938.0 188
39.6552 2960.0 188
40.2649 2976.0 188
40.8856 2996.0 188
41.4954 3014.0 188
42.1051 3030.0 188
42.7148 3050.0 188
43.3246 3064.0 188
43.9508 3087.0 188
44.5605 3115.0 188
45.1703 3151.0 188
45.7800 3157.0 188
46.3898 3186.0 188
47.0105 3211.0 188
47.6202 3236.0 188
48.2300 3264.0 188
48.8562 3288.0 188
49.4659 3321.0 188
50.0757 3351.0 188
50.7019 3373.0 188
51.3116 3403.0 188
51.9324 3449.0 188
52.5421 3473.0 188
53.1519 3511.0 188
53.7781 3533.0 188
54.3878 3511.0 188
54.9976 3452.0 188
55.6238 3417.0 188
56.2335 3380.0 188
56.8542 3335.0 188
57.4640 3314.0 188
58.0737 3278.0 188
58.7000 3251.0 188
59.3097 3218.0 188
59.9194 3191.0 188
60.5457 3162.0 188
61.1554 3137.0 188
61.7761 3127.0 188
62.3859 3083.0 188
62.9956 3069.0 188
63.6218 3045.0 188
75.8551 3399.0 188
76.4813 3490.0 188
77.0911 3569.0 188
77.7008 3539.0 188
114.0106 328.0 188
114.2468 328.0 188
115.2301 329.0 188
115.0928 330.0 188
116.3232 330.0 188
116.4331 332.0 188
116.9165 334.0 188
118.0261 335.0 188
118.1360 337.0 188
119.1248 338.0 188
119.7455 340.0 188
119.9817 342.0 188
120.9650 343.0 188
121.4484 343.0 188
121.8109 344.0 188
122.9205 345.0 188
123.4039 345.0 188
123.5138 345.0 188
124.1235 346.0 188
124.7333 347.0 188
125.7166 349.0 188
125.8264 353.0 188
126.3098 361.0 188
126.9196 370.0 188
127.7765 375.0 188
128.3862 380.0 188
128.7653 385.0 188
129.3585 388.0 188
130.0891 390.0 188
130.5780 391.0 188
131.0614 392.0 188
131.5448 391.0 188
132.4017 390.0 188
132.8906 390.0 188
133.3740 392.0 188
133.9838 398.0 188
138.6365 314.0 188
139.1199 311.0 188
140.4657 311.0 188
140.4492 312.0 188
141.4325 315.0 188
142.0422 313.0 188
142.6520 306.0 188
143.2617 304.0 188
143.4979 303.0 188
144.1077 301.0 188
145.0909 301.0 188
145.3271 305.0 188
146.4368 308.0 188
151.1224 2842.0 188
151.7322 2821.0 188
153.5779 2723.0 188
154.5612 4401.0 188
155.1709 4382.0 188
155.7806 4352.0 188
156.5112 3569.0 188
157.1375 3522.0 188
157.7472 3518.0 188
158.3569 3501.0 188
158.9832 3481.0 188
159.5929 3474.0 188
160.2026 3440.0 188
160.8234 3406.0 188
161.3123 3989.0 188
161.9165 4036.0 188
162.5427 4019.0 188
163.1525 4011.0 188
163.7622 3998.0 188
164.3884 3969.0 188
164.9982 3953.0 188
165.6079 3930.0 188
166.2177 3917.0 188
166.8384 3891.0 188
167.5745 3864.0 188
168.1842 3851.0 188
168.7939 3843.0 188
169.2938 3825.0 188
170.0299 3809.0 188
170.6396 3798.0 188
171.2494 3782.0 188
171.7493 3758.0 188
172.4799 3761.0 188
172.9688 3758.0 188
173.6993 3735.0 188
174.3256 3699.0 188
174.9353 3698.0 188
175.5450 3685.0 188
176.1548 3674.0 188
176.7810 3672.0 188
177.3853 3667.0 188
177.9950 3642.0 188
178.6047 3648.0 188
179.2310 3634.0 188
179.8407 3634.0 188
180.4504 3629.0 188
181.0602 3614.0 188
181.6864 3615.0 188
182.2961 3609.0 188
182.9059 3604.0 188
183.5156 3597.0 188
184.1364 3592.0 188
184.7461 3588.0 188
185.3558 3587.0 188
185.9656 3592.0 188
186.5918 3573.0 188
187.2015 3587.0 188
187.8113 3574.0 188
188.4210 3579.0 188
189.0417 3581.0 188
189.6515 3575.0 188
190.2612 3580.0 188
190.8875 3580.0 188
191.4972 3573.0 188
192.1069 3586.0 188
192.7167 3588.0 188
193.3429 3590.0 188
193.9526 3585.0 188
194.5624 3592.0 188
205.0104 189.0 188
205.6201 191.0 188
206.2299 195.0 188
201.9342 3628.0 188
202.5439 3659.0 188
203.1537 3671.0 188
203.7799 3671.0 188
204.3896 3687.0 188
204.9994 3691.0 188
205.6091 3663.0 188
206.2299 3625.0 188
212.9810 3194.0 188
213.5907 3144.0 188
214.2004 3149.0 188
214.8267 3170.0 188
215.4364 3188.0 188
216.0461 3197.0 188
216.6559 3220.0 188
217.2766 3220.0 188
217.8864 3229.0 188
218.4961 3264.0 188
219.1223 3273.0 188
219.7321 3310.0 188
220.3418 3323.0 188
220.9515 3331.0 188
221.5778 3365.0 188
222.1875 3391.0 188
222.7917 3402.0 188
223.4180 3418.0 188
224.0277 3461.0 188
224.6539 3490.0 188
225.2637 3500.0 188
225.8899 3526.0 188
226.4996 3556.0 188
227.1204 3586.0 188
227.7301 3632.0 188
228.3563 3650.0 188
228.9661 3674.0 188
229.5923 3709.0 188
230.2020 3742.0 188
230.8228 3781.0 188
231.4325 3809.0 188
232.0587 3843.0 188
232.6685 3893.0 188
233.1683 3902.0 188
233.7781 3952.0 188
234.4043 3992.0 188
235.0140 4045.0 188
235.6403 4084.0 188
236.2500 4127.0 188
236.8707 4169.0 188
237.4805 4239.0 188
238.2330 3098.0 188
238.8428 3067.0 188
239.4635 3046.0 188
239.9524 4423.0 188
240.6995 3032.0 188
241.3092 3071.0 188
242.5452 3087.0 188
243.1714 3093.0 188
243.7811 3141.0 188
244.2645 4912.0 188
244.8743 4956.0 188
245.4950 4986.0 188
246.1047 5041.0 188
246.7145 5147.0 188
247.3242 5249.0 188
247.9504 5313.0 188
248.5602 5387.0 188
249.1699 5485.0 188
249.7961 5582.0 188
253.3392 7640.0 188
253.9655 7840.0 188
254.5752 7955.0 188
255.7947 8401.0 188
256.4209 8581.0 188
261.9360 10616.0 188
262.5623 10585.0 188
263.1665 10492.0 188
263.7762 10472.0 188
264.3860 10492.0 188
264.9957 10616.0 188
293.1042 6439.0 188
293.7140 6400.0 188
294.3237 6416.0 188
294.9335 6450.0 188
295.5432 6450.0 188
296.1530 6493.0 188
296.7627 6528.0 188
297.3724 6560.0 188
297.9822 6528.0 188
298.5919 6544.0 188
299.3280 4345.0 188
299.9323 4308.0 188
300.5420 4186.0 188
301.1517 4027.0 188
301.7780 3937.0 188
302.5140 3818.0 188
303.1238 3714.0 188
303.7335 3638.0 188
304.3433 3525.0 188
304.9530 3467.0 188
305.5573 3367.0 188
306.1670 3289.0 188
306.7932 3224.0 188
307.4030 3156.0 188
308.0127 3082.0 188
308.6224 3024.0 188
309.2322 2977.0 188
309.8419 2918.0 188
310.5780 2848.0 188
311.1823 2804.0 188
311.8085 2746.0 188
312.4182 2714.0 188
313.0280 2655.0 188
313.6377 2615.0 188
314.2474 2579.0 188
314.8572 2532.0 188
315.4669 2496.0 188
316.0767 2454.0 188
316.7029 2425.0 188
317.3071 2381.0 188
318.0432 2359.0 188
318.6530 2315.0 188
319.1364 2300.0 188
319.8724 2263.0 188
320.4822 2238.0 188
321.0919 2204.0 188
321.7181 2186.0 188
322.3279 2153.0 188
322.9321 2131.0 188
323.5419 2104.0 188
324.1681 2092.0 188
324.7778 2060.0 188
325.3876 2037.0 188
325.9973 2014.0 188
326.6235 2001.0 188
327.2333 1969.0 188
327.8430 1962.0 188
328.4528 1936.0 188
329.1998 1917.0 188
329.6832 1904.0 188
330.2930 1885.0 188
331.0291 1861.0 188
331.5289 1852.0 188
332.2650 1833.0 188
332.8748 1822.0 188
333.4790 1808.0 188
334.1052 1790.0 188
334.7150 1776.0 188
335.3247 1771.0 188
335.9344 1747.0 188
336.5607 1739.0 188
337.1704 1720.0 188
337.7802 1714.0 188
338.3899 1704.0 188
339.0106 1693.0 188
339.7467 1683.0 188
340.2301 1670.0 188
340.8398 1661.0 188
341.5924 1650.0 188
342.0758 1643.0 188
342.8119 1627.0 188
343.4216 1621.0 188
344.0259 1617.0 188
344.6356 1602.0 188
345.2454 1596.0 188
345.8551 1590.0 188
346.4813 1584.0 188
347.0911 1585.0 188
358.4949 145.0 188
