#RPLIDAR SCAN DATA
#COUNT=377
#Angule	Distance	Quality
355.9351 2723.0 188
356.5613 2717.0 188
357.1875 2713.0 188
357.8082 2713.0 188
358.4344 2705.0 188
359.0607 2697.0 188
359.6869 2686.0 188
0.3241 2670.0 188
0.9503 2646.0 188
9.1241 2747.0 188
9.7449 2709.0 188
10.3876 2686.0 188
11.0138 2656.0 188
11.6400 2639.0 188
12.2607 2663.0 188
12.9034 2655.0 188
13.5297 2674.0 188
14.1559 2674.0 188
14.7766 2672.0 188
15.4193 2668.0 188
18.1824 1727.0 188
18.8086 1659.0 188
19.5612 1537.0 188
20.1874 1533.0 188
20.8246 1535.0 188
21.4508 1538.0 188
22.0770 1545.0 188
22.6978 1546.0 188
23.3405 1561.0 188
23.9667 1554.0 188
24.5929 1563.0 188
25.2136 1563.0 188
25.8563 1565.0 188
26.4825 1570.0 188
27.1088 1575.0 188
27.7460 1589.0 188
28.3722 1590.0 188
28.9984 1599.0 188
29.6246 1601.0 188
30.1355 1612.0 188
30.8881 1623.0 188
31.5143 1626.0 188
32.0306 1633.0 188
32.7777 1650.0 188
33.4039 1655.0 188
33.9038 1659.0 188
34.5465 1667.0 188
35.2936 1683.0 188
35.7935 1687.0 188
36.4362 1701.0 188
37.0624 1711.0 188
37.6831 1710.0 188
38.3093 1716.0 188
38.9520 1731.0 188
39.5728 1742.0 188
40.1990 1743.0 188
40.8417 1756.0 188
41.4679 1773.0 188
42.0886 1781.0 188
42.7313 1790.0 188
43.3575 1809.0 188
43.9948 1820.0 188
44.6210 1833.0 188
45.2472 1849.0 188
45.8899 1861.0 188
46.5106 1868.0 188
47.1533 1895.0 188
47.6532 1904.0 188
48.4058 1922.0 188
49.0430 1935.0 188
49.6692 1954.0 188
50.1855 1973.0 188
50.8118 1988.0 188
51.4325 2013.0 188
52.0752 2027.0 188
52.7014 2056.0 188
53.3386 2068.0 188
53.9648 2088.0 188
54.5911 2112.0 188
55.2338 2138.0 188
55.8545 2161.0 188
56.4972 2186.0 188
57.1234 2204.0 188
57.7496 2232.0 188
58.2605 2261.0 188
75.1849 3484.0 188
75.8112 3565.0 188
76.4484 3676.0 188
83.9960 383.0 188
84.8749 381.0 188
99.2450 313.0 188
100.6238 313.0 188
100.7446 309.0 188
115.2136 366.0 188
115.7300 364.0 188
116.4825 362.0 188
117.2296 360.0 188
117.4988 361.0 188
118.3722 362.0 188
118.9984 364.0 188
119.3884 364.0 188
120.1355 364.0 188
120.8881 364.0 188
121.5308 364.0 188
122.4042 364.0 188
122.7777 365.0 188
123.4204 365.0 188
123.9203 364.0 188
124.6838 364.0 188
125.0574 363.0 188
126.1835 364.0 188
126.3098 365.0 188
127.3096 367.0 188
127.8094 369.0 188
128.3093 371.0 188
128.9355 374.0 188
129.4354 377.0 188
130.0616 381.0 188
130.5615 385.0 188
131.1823 391.0 188
131.5613 407.0 188
139.4330 349.0 188
140.1855 338.0 188
140.8118 324.0 188
141.8115 311.0 188
142.1851 307.0 188
142.8113 306.0 188
143.9374 305.0 188
144.1846 304.0 188
144.6844 304.0 188
145.5743 303.0 188
146.3269 303.0 188
146.9531 305.0 188
151.1224 3630.0 188
151.7487 3573.0 188
152.3749 3550.0 188
153.0121 3513.0 188
153.6383 3494.0 188
154.2645 3470.0 188
154.8853 3428.0 188
155.5280 3400.0 188
156.1542 3383.0 188
156.7804 3351.0 188
157.4011 3336.0 188
158.0273 3301.0 188
158.6700 3285.0 188
159.2963 3267.0 188
159.9170 3238.0 188
160.5432 3246.0 188
161.1859 3207.0 188
161.8121 3178.0 188
162.4329 3169.0 188
163.3118 2114.0 188
163.9490 2079.0 188
164.5752 2043.0 188
165.2014 2015.0 188
165.8386 1983.0 188
166.4648 1960.0 188
167.2174 1948.0 188
167.7338 1964.0 188
168.3545 1983.0 188
169.1071 1926.0 188
169.7498 1909.0 188
170.3705 1912.0 188
170.9967 1922.0 188
171.5131 1991.0 188
172.1393 2002.0 188
172.7655 2001.0 188
173.7762 2923.0 188
174.4025 2919.0 188
175.1550 2907.0 188
175.7922 2903.0 188
176.2921 2874.0 188
176.9183 2882.0 188
177.6874 2871.0 188
178.1873 2865.0 188
178.8080 2864.0 188
179.5770 2860.0 188
180.0769 2852.0 188
180.8240 2848.0 188
181.4667 2848.0 188
182.0929 2845.0 188
182.7136 2842.0 188
183.3398 2835.0 188
183.9825 2831.0 188
184.6088 2836.0 188
185.2295 2827.0 188
185.8557 2842.0 188
186.4984 2837.0 188
187.1246 2835.0 188
187.7454 2813.0 188
188.3716 2826.0 188
188.8879 2810.0 188
189.6405 2804.0 188
190.2612 2807.0 188
190.8875 2808.0 188
191.5302 2806.0 188
192.0300 2810.0 188
192.7771 2805.0 188
193.4033 2813.0 188
194.0460 2805.0 188
194.6667 2812.0 188
205.0598 191.0 188
205.6860 191.0 188
206.3232 194.0 188
202.0935 2881.0 188
202.7142 2881.0 188
203.4833 2883.0 188
204.1040 2883.0 188
204.7302 2896.0 188
205.2466 2895.0 188
205.8728 2865.0 188
212.8107 3100.0 188
213.4479 3143.0 188
214.0741 3794.0 188
214.7003 3829.0 188
215.3430 3859.0 188
215.8429 3858.0 188
216.6064 3883.0 188
217.1063 3924.0 188
217.8589 3934.0 188
218.3698 3975.0 188
218.9960 3987.0 188
219.6222 4010.0 188
220.2649 4016.0 188
220.8856 4075.0 188
221.5283 4108.0 188
222.1545 4114.0 188
222.7917 4148.0 188
223.4180 4179.0 188
224.0607 4200.0 188
224.6869 4227.0 188
225.3241 4277.0 188
225.9503 4317.0 188
226.5930 4334.0 188
227.2302 4372.0 188
227.8564 4415.0 188
228.4991 4447.0 188
229.1199 4499.0 188
229.7626 4530.0 188
230.3888 4559.0 188
231.0260 4620.0 188
231.6687 4661.0 188
232.2949 4698.0 188
232.9321 4774.0 188
233.5583 4819.0 188
234.2010 4870.0 188
234.8273 4894.0 188
235.4645 4937.0 188
236.0907 4997.0 188
236.7334 5084.0 188
237.3706 5137.0 188
237.9968 5189.0 188
238.6395 5254.0 188
239.2603 5326.0 188
239.9030 5369.0 188
240.5292 5444.0 188
248.7140 5345.0 188
249.3402 5324.0 188
249.9664 5303.0 188
250.5927 5285.0 188
251.2134 5274.0 188
251.8561 5274.0 188
253.1085 5132.0 188
253.7292 5115.0 188
254.3555 5098.0 188
254.9817 5072.0 188
255.6244 5070.0 188
256.2451 5016.0 188
256.8713 5023.0 188
257.4976 4986.0 188
258.1238 4972.0 188
258.7610 4944.0 188
259.3872 4937.0 188
260.0134 4899.0 188
260.6396 4861.0 188
261.2604 4823.0 188
261.9031 4819.0 188
262.5293 4782.0 188
263.1555 4767.0 188
263.7762 4767.0 188
264.4189 4750.0 188
265.0452 4744.0 188
265.6714 4740.0 188
266.2921 4320.0 188
289.4019 9387.0 188
290.0281 9250.0 188
291.9177 7231.0 188
293.1702 6616.0 188
293.7964 6378.0 188
294.4171 6043.0 188
295.1697 5784.0 188
295.7959 5622.0 188
296.4166 5350.0 188
297.0428 5226.0 188
297.6691 5034.0 188
298.2953 4828.0 188
298.9215 4667.0 188
299.5422 4497.0 188
300.1685 4388.0 188
300.7947 4261.0 188
301.4209 4122.0 188
302.0581 4019.0 188
302.6843 3901.0 188
303.4369 3771.0 188
304.0576 3708.0 188
304.6838 3614.0 188
305.3101 3519.0 188
305.9363 3438.0 188
306.5625 3375.0 188
307.1997 3294.0 188
307.8259 3229.0 188
308.4521 3149.0 188
309.0729 3093.0 188
309.6991 3022.0 188
310.3253 2979.0 188
310.9515 2927.0 188
311.5778 2873.0 188
312.3413 2812.0 188
312.9675 2772.0 188
313.5938 2730.0 188
314.2145 2689.0 188
314.8407 2644.0 188
315.4669 2598.0 188
316.0931 2553.0 188
316.7139 2513.0 188
317.3566 2488.0 188
317.9828 2448.0 188
318.6090 2415.0 188
319.2297 2386.0 188
319.8560 2411.0 188
320.4822 2439.0 188
321.1084 2449.0 188
321.7291 2493.0 188
322.3718 2496.0 188
322.9980 2507.0 188
323.6243 2535.0 188
324.2450 2557.0 188
324.8712 2596.0 188
325.4974 2621.0 188
326.1237 2642.0 188
326.7499 2672.0 188
327.3706 2702.0 188
327.9968 2732.0 188
328.6230 2763.0 188
329.2493 2795.0 188
329.8700 2834.0 188
330.4962 2868.0 188
330.9961 2908.0 188
331.6223 2938.0 188
332.2485 2986.0 188
332.8748 3026.0 188
333.4955 3068.0 188
334.1217 3123.0 188
334.7479 3171.0 188
335.3741 3217.0 188
335.9949 3209.0 188
336.6211 3189.0 188
337.2473 3152.0 188
337.8735 3128.0 188
338.4998 3101.0 188
339.1205 3086.0 188
339.7467 3057.0 188
340.3729 3037.0 188
340.9991 3013.0 188
341.6199 3015.0 188
342.2461 2996.0 188
342.9987 2972.0 188
343.6249 2958.0 188
344.1248 2944.0 188
344.7455 2921.0 188
345.3717 2904.0 188
345.9979 2889.0 188
346.6241 2911.0 188
357.3853 152.0 188
358.0115 148.0 188
358.6377 149.0 188
