#RPLIDAR SCAN DATA
#COUNT=396
#Angule	Distance	Quality
356.9183 2999.0 188
357.5446 2991.0 188
358.1708 2989.0 188
358.9343 2946.0 188
359.5605 2964.0 188
0.0604 2959.0 188
0.6866 2941.0 188
1.4337 2906.0 188
9.4482 3048.0 188
10.0745 3012.0 188
10.7007 2991.0 188
11.3269 2996.0 188
11.9366 2986.0 188
12.5574 2989.0 188
13.1836 2998.0 188
13.8098 3000.0 188
14.4360 3008.0 188
15.0623 3016.0 188
15.6830 3012.0 188
16.3092 3020.0 188
16.9354 3041.0 188
17.5616 3045.0 188
18.1824 3039.0 188
18.7921 3057.0 188
19.4183 3071.0 188
20.0446 3074.0 188
20.6708 3080.0 188
21.2915 3103.0 188
21.9177 3104.0 188
22.5439 3115.0 188
23.1702 3119.0 188
23.7964 3138.0 188
24.4171 3163.0 188
25.0433 3168.0 188
25.6696 3181.0 188
26.3123 3187.0 188
26.9330 3204.0 188
27.5757 3220.0 188
28.2019 3234.0 188
28.8391 3251.0 188
29.4653 3275.0 188
30.1080 3290.0 188
30.7343 3307.0 188
31.3715 3316.0 188
31.9977 3337.0 188
32.6404 3349.0 188
33.2611 3379.0 188
33.9038 3414.0 188
34.5300 3391.0 188
35.1672 3321.0 188
35.7935 3256.0 188
36.4362 3198.0 188
37.0624 3156.0 188
37.6996 3097.0 188
38.3258 3044.0 188
38.9685 2987.0 188
39.5892 2956.0 188
40.2319 2927.0 188
40.8582 2873.0 188
41.6217 2833.0 188
42.2479 2790.0 188
42.8906 2753.0 188
43.5114 2714.0 188
44.1541 2676.0 188
44.7803 2656.0 188
45.4175 2628.0 188
46.0437 2593.0 188
46.6699 2567.0 188
47.3071 2527.0 188
47.9333 2517.0 188
48.5596 2531.0 188
49.2023 2563.0 188
49.8230 2594.0 188
50.4492 2626.0 188
51.0919 2664.0 188
51.7181 2686.0 188
52.3389 2712.0 188
52.9816 2740.0 188
53.6078 2785.0 188
54.2340 2812.0 188
54.8712 2866.0 188
55.4974 2890.0 188
55.9973 2940.0 188
56.6400 2985.0 188
57.2607 3012.0 188
57.8870 3076.0 188
58.5297 3106.0 188
59.1559 3145.0 188
59.7766 3194.0 188
60.4193 3243.0 188
61.0455 3305.0 188
61.6718 3367.0 188
62.3090 3425.0 188
62.9352 3481.0 188
63.5614 3555.0 188
64.1986 3632.0 188
64.8248 3707.0 188
65.3412 3777.0 188
99.6405 340.0 188
100.3876 335.0 188
101.0138 334.0 188
101.5137 333.0 188
102.2772 328.0 188
116.4056 390.0 188
117.2791 391.0 188
118.0426 389.0 188
118.5425 387.0 188
119.3115 388.0 188
119.5587 391.0 188
120.1849 393.0 188
121.2012 395.0 188
121.8274 395.0 188
122.4646 393.0 188
122.9645 393.0 188
123.7335 394.0 188
123.9807 397.0 188
124.7333 404.0 188
125.3705 410.0 188
125.8704 413.0 188
126.3867 415.0 188
127.1393 416.0 188
127.5293 415.0 188
128.2764 411.0 188
129.0454 404.0 188
129.5453 401.0 188
130.4187 398.0 188
130.7922 399.0 188
131.6711 401.0 188
132.0447 407.0 188
133.0444 363.0 188
133.9178 358.0 188
134.9176 356.0 188
135.1703 357.0 188
136.4172 330.0 188
136.5436 332.0 188
137.7960 328.0 188
138.5431 316.0 188
138.9166 315.0 188
139.4165 316.0 188
140.5426 315.0 188
140.9216 308.0 188
141.6687 307.0 188
141.9214 307.0 188
143.2947 307.0 188
143.2947 306.0 188
144.0417 306.0 188
144.7943 306.0 188
145.7941 308.0 188
146.2939 313.0 188
149.0735 3046.0 188
149.6997 3024.0 188
150.3424 3003.0 188
151.0895 2972.0 188
151.5894 2950.0 188
152.2321 2931.0 188
152.8583 2910.0 188
153.6218 2901.0 188
154.2480 2877.0 188
154.7644 2852.0 188
155.5115 2842.0 188
156.1542 2832.0 188
156.7804 2804.0 188
157.4011 2794.0 188
158.0438 2774.0 188
158.6700 2766.0 188
159.3073 2754.0 188
159.9335 2742.0 188
160.5762 2726.0 188
161.2024 2694.0 188
161.8231 2693.0 188
162.4658 2682.0 188
163.0920 2676.0 188
163.7292 2668.0 188
164.3555 2662.0 188
164.9982 2654.0 188
165.6244 2646.0 188
166.2616 2629.0 188
166.8878 2604.0 188
167.5140 2603.0 188
168.1403 2596.0 188
168.7610 2592.0 188
169.3872 2587.0 188
170.0134 2585.0 188
170.6396 2580.0 188
171.2604 2560.0 188
171.8866 2552.0 188
172.5128 2549.0 188
173.1555 2544.0 188
173.7762 2547.0 188
174.4025 2534.0 188
175.0287 2538.0 188
175.6549 2540.0 188
176.2811 2520.0 188
176.9019 2521.0 188
177.5281 2515.0 188
178.1543 2650.0 188
178.6542 2895.0 188
179.2804 3190.0 188
179.9176 3194.0 188
180.5438 3200.0 188
181.1700 3200.0 188
181.7963 3204.0 188
182.4170 3194.0 188
183.0432 3196.0 188
183.6694 3203.0 188
184.2957 3201.0 188
184.9219 3203.0 188
185.5426 3213.0 188
186.1853 3211.0 188
186.8115 3209.0 188
187.4323 3207.0 188
188.0750 3203.0 188
188.7012 3207.0 188
189.3384 3207.0 188
189.9646 3213.0 188
190.6073 3211.0 188
191.2335 3203.0 188
191.8707 3225.0 188
192.4969 3225.0 188
193.1396 3232.0 188
193.7604 3235.0 188
194.4031 3251.0 188
204.9335 189.0 188
205.3125 191.0 188
206.2024 190.0 188
201.9836 3348.0 188
202.6208 3350.0 188
203.2471 3362.0 188
203.8898 3378.0 188
204.5105 3391.0 188
205.1532 3395.0 188
205.7794 3378.0 188
212.7173 3669.0 188
213.3435 3717.0 188
213.9807 3686.0 188
214.6069 3699.0 188
215.2332 3718.0 188
215.8704 3743.0 188
216.4966 3778.0 188
217.1228 3798.0 188
217.6392 3834.0 188
218.2654 3857.0 188
218.8861 3891.0 188
219.5288 3892.0 188
220.1550 3949.0 188
220.7813 3972.0 188
221.4185 4021.0 188
222.0447 4028.0 188
222.6709 4084.0 188
223.3081 4124.0 188
223.9343 4161.0 188
225.3241 3522.0 188
225.9503 3573.0 188
226.5930 3638.0 188
230.8722 4249.0 188
231.4984 4215.0 188
232.1246 4202.0 188
233.3881 4093.0 188
234.0143 4054.0 188
234.6515 4025.0 188
235.2777 3987.0 188
236.0303 3934.0 188
236.5466 3909.0 188
237.2937 3881.0 188
237.9199 3843.0 188
238.5461 3818.0 188
239.1833 3792.0 188
239.8096 3742.0 188
240.4358 3696.0 188
241.0730 3690.0 188
241.6992 3652.0 188
242.3254 3639.0 188
242.9681 3637.0 188
243.5889 3594.0 188
244.2151 3564.0 188
244.8578 3545.0 188
245.4840 3529.0 188
246.1047 3509.0 188
246.7474 3487.0 188
247.3737 3466.0 188
247.9999 3456.0 188
248.6206 3422.0 188
249.2633 3407.0 188
249.8895 3393.0 188
250.5103 3380.0 188
251.1530 3367.0 188
251.7792 3352.0 188
252.4054 3332.0 188
253.0426 3321.0 188
253.6688 3311.0 188
254.2950 3288.0 188
254.9323 3285.0 188
255.5585 3262.0 188
256.1847 3255.0 188
256.8274 3245.0 188
257.4481 3231.0 188
258.0743 3236.0 188
258.7006 3224.0 188
259.4641 2799.0 188
287.3254 7862.0 188
287.9517 7783.0 188
288.5779 7851.0 188
289.8413 6596.0 188
290.4675 6446.0 188
291.0938 6090.0 188
291.8408 5866.0 188
292.4670 5678.0 188
293.1042 5497.0 188
293.7305 5385.0 188
294.3567 5229.0 188
294.9829 5086.0 188
295.6201 4926.0 188
296.2463 4767.0 188
296.8726 4628.0 188
297.4988 4499.0 188
298.1250 4412.0 188
298.7622 4292.0 188
299.3884 4231.0 188
300.0146 4101.0 188
300.6354 4033.0 188
301.2781 3921.0 188
302.0306 3815.0 188
302.5305 3754.0 188
303.2776 3689.0 188
303.9038 3612.0 188
304.5465 3548.0 188
305.1672 3479.0 188
305.7935 3427.0 188
306.4197 3360.0 188
307.0624 3314.0 188
307.6831 3248.0 188
308.3093 3199.0 188
308.9355 3131.0 188
309.5728 3098.0 188
310.1990 3047.0 188
310.8252 3000.0 188
311.4514 2974.0 188
312.0886 2919.0 188
312.7148 2872.0 188
313.4674 2841.0 188
314.0936 2801.0 188
314.7308 2759.0 188
315.3571 2733.0 188
315.9833 2708.0 188
316.6040 2672.0 188
317.2467 2640.0 188
317.8729 2601.0 188
318.4991 2577.0 188
319.1199 2545.0 188
319.7626 2517.0 188
320.3888 2502.0 188
321.0150 2473.0 188
321.6357 2445.0 188
322.2784 2431.0 188
322.9047 2401.0 188
323.5309 2377.0 188
324.1516 2362.0 188
324.9207 2330.0 188
325.4205 2308.0 188
326.1676 2302.0 188
326.6675 2282.0 188
327.4365 2254.0 188
328.0573 2244.0 188
328.6835 2219.0 188
329.3097 2209.0 188
329.9359 2190.0 188
330.5621 2172.0 188
331.1829 2162.0 188
331.8091 2149.0 188
332.4353 2128.0 188
333.0615 2115.0 188
333.6823 2106.0 188
334.3085 2097.0 188
334.9347 2080.0 188
335.5609 2061.0 188
336.1871 2054.0 188
336.8079 2038.0 188
337.4506 2026.0 188
338.0768 2016.0 188
338.7030 2009.0 188
339.3237 2006.0 188
339.9500 1991.0 188
340.5762 1983.0 188
341.2024 1969.0 188
341.8231 1956.0 188
342.4493 1952.0 188
343.0756 1947.0 188
343.7018 1944.0 188
344.3280 1933.0 188
345.0751 1928.0 188
345.5750 1910.0 188
346.2012 1897.0 188
346.8274 1918.0 188
357.3413 152.0 188
357.9675 148.0 188
358.5938 149.0 188
