#RPLIDAR SCAN DATA
#COUNT=387
#Angule	Distance	Quality
355.9186 2027.0 188
356.5448 2010.0 188
357.1710 2008.0 188
357.7917 2003.0 188
358.4180 1983.0 188
359.0442 1984.0 188
359.6704 1980.0 188
0.2966 1963.0 188
0.9174 1938.0 188
9.1846 1962.0 188
9.7009 1946.0 188
10.4480 1921.0 188
11.0742 1913.0 188
11.5741 1913.0 188
12.2003 1901.0 188
12.8265 1898.0 188
13.5736 1897.0 188
14.0735 1907.0 188
14.6997 1901.0 188
15.3259 1908.0 188
15.9686 1910.0 188
16.5894 1896.0 188
17.3419 1900.0 188
17.8583 1905.0 188
18.6053 1908.0 188
19.1052 1901.0 188
19.7479 1911.0 188
20.4950 1913.0 188
21.1377 1911.0 188
21.6376 1910.0 188
22.3901 1922.0 188
23.0273 1923.0 188
23.5272 1929.0 188
24.1534 1936.0 188
25.8124 3100.0 188
26.4331 3091.0 188
27.0593 3086.0 188
27.7020 3097.0 188
28.3228 3109.0 188
28.9490 3122.0 188
29.5917 3127.0 188
30.2179 3136.0 188
30.8551 3155.0 188
31.4813 3151.0 188
32.1075 3163.0 188
32.7448 3173.0 188
33.3710 3186.0 188
33.9972 3195.0 188
34.6399 3220.0 188
35.2606 3217.0 188
35.9033 3236.0 188
36.5295 3253.0 188
37.1558 3268.0 188
37.7930 3293.0 188
38.4192 3290.0 188
39.0454 3307.0 188
39.6826 3314.0 188
40.3088 3334.0 188
40.9351 3353.0 188
41.5778 3369.0 188
42.1985 3389.0 188
42.8247 3408.0 188
43.4674 3422.0 188
44.0936 3435.0 188
44.7144 3465.0 188
45.3571 3474.0 188
45.9833 3509.0 188
46.6040 3538.0 188
47.2467 3562.0 188
47.8729 3592.0 188
48.4991 3625.0 188
49.1364 3637.0 188
49.7626 3668.0 188
50.3888 3690.0 188
51.0260 3721.0 188
51.6522 3747.0 188
52.2784 3779.0 188
52.9211 3803.0 188
53.4210 3850.0 188
54.1681 3862.0 188
54.8108 3841.0 188
55.4370 3782.0 188
55.9479 3732.0 188
56.7004 3689.0 188
57.3267 3623.0 188
57.9529 3606.0 188
58.5736 3551.0 188
59.1998 3521.0 188
59.8425 3471.0 188
74.9048 3681.0 188
75.4047 3754.0 188
76.1682 3826.0 188
76.6681 3909.0 188
77.3108 3981.0 188
98.1354 313.0 188
98.7616 310.0 188
113.1866 334.0 188
113.6865 336.0 188
113.9337 340.0 188
114.5599 344.0 188
115.0598 347.0 188
115.6860 349.0 188
116.6858 352.0 188
117.0593 355.0 188
117.4329 358.0 188
118.3118 360.0 188
118.6853 363.0 188
119.4324 365.0 188
120.0751 367.0 188
120.4486 369.0 188
121.0748 370.0 188
121.8274 370.0 188
122.5745 370.0 188
122.9480 371.0 188
123.8434 372.0 188
124.3433 376.0 188
124.5905 388.0 188
125.4639 397.0 188
126.0901 401.0 188
126.3593 404.0 188
126.9800 406.0 188
127.9797 404.0 188
128.2324 398.0 188
129.2322 393.0 188
129.6222 392.0 188
130.6219 393.0 188
131.1218 396.0 188
131.4954 404.0 188
132.7478 370.0 188
132.9950 361.0 188
134.0112 358.0 188
134.7638 357.0 188
135.6372 329.0 188
136.5106 331.0 188
137.2632 320.0 188
137.7795 317.0 188
138.1531 317.0 188
139.0265 315.0 188
139.4055 316.0 188
140.0262 311.0 188
140.6689 312.0 188
141.7950 309.0 188
142.5421 308.0 188
143.1683 310.0 188
143.0420 315.0 188
146.5741 3703.0 188
147.2003 3648.0 188
147.8265 3594.0 188
148.4528 3550.0 188
149.0735 3498.0 188
149.6997 3476.0 188
150.3259 3427.0 188
150.9521 3389.0 188
151.5894 3356.0 188
152.2156 3301.0 188
152.8418 3271.0 188
153.4680 3236.0 188
154.0887 3218.0 188
154.7150 3181.0 188
155.3412 3156.0 188
155.9674 3120.0 188
156.6046 3093.0 188
157.2308 3071.0 188
157.8571 3048.0 188
158.4833 3030.0 188
159.1040 2994.0 188
159.7302 2970.0 188
160.3564 2953.0 188
160.9827 2927.0 188
161.7462 2901.0 188
162.2461 2882.0 188
162.8723 2865.0 188
163.6249 2839.0 188
164.2456 2835.0 188
164.8718 2804.0 188
165.4980 2780.0 188
166.1243 2769.0 188
166.7615 2755.0 188
167.3877 2743.0 188
168.0139 2736.0 188
168.6401 2697.0 188
169.2609 2681.0 188
169.8871 2676.0 188
170.5133 2670.0 188
171.1395 2658.0 188
171.7767 2657.0 188
172.4030 2628.0 188
173.0292 2613.0 188
173.6554 2613.0 188
174.2761 2686.0 188
174.9023 2747.0 188
175.5286 2820.0 188
176.1548 2907.0 188
176.6711 2990.0 188
177.2919 3102.0 188
177.9181 3208.0 188
178.5608 3219.0 188
179.1870 3226.0 188
179.8242 3216.0 188
180.4504 3215.0 188
181.0931 3201.0 188
181.7139 3206.0 188
182.3566 3204.0 188
182.9828 3188.0 188
183.6200 3181.0 188
184.2462 3183.0 188
184.8889 3178.0 188
185.5151 3162.0 188
186.1523 3173.0 188
186.7786 3171.0 188
187.4048 3126.0 188
188.0420 3132.0 188
188.6682 3152.0 188
189.3109 3109.0 188
189.9371 3110.0 188
190.5743 3104.0 188
191.2006 3104.0 188
191.8433 3108.0 188
192.4640 3097.0 188
193.1067 3123.0 188
193.7329 3098.0 188
194.3701 3106.0 188
205.5267 190.0 188
206.1530 189.0 188
201.9342 3116.0 188
202.5604 3113.0 188
203.2031 3125.0 188
203.8239 3129.0 188
204.4501 3130.0 188
205.0928 3133.0 188
205.7135 3122.0 188
206.3397 3046.0 188
212.6404 3304.0 188
213.2776 3303.0 188
213.9038 3276.0 188
214.5300 3291.0 188
215.1672 3291.0 188
215.7935 3310.0 188
216.4197 3329.0 188
217.0624 3327.0 188
217.6831 3343.0 188
218.3093 3373.0 188
218.9520 3390.0 188
219.5728 3395.0 188
220.2155 3417.0 188
220.8417 3436.0 188
221.4679 3444.0 188
222.1051 3471.0 188
222.7313 3485.0 188
223.3740 3519.0 188
223.9948 3533.0 188
224.6210 3571.0 188
225.2637 3575.0 188
226.5271 2873.0 188
227.1533 2969.0 188
227.7795 3027.0 188
228.4167 3072.0 188
229.0430 3095.0 188
229.6857 3146.0 188
231.5753 3645.0 188
232.2015 3662.0 188
234.0912 3798.0 188
234.6075 3819.0 188
236.6235 3650.0 188
237.8870 3559.0 188
238.5132 3509.0 188
239.1559 3491.0 188
240.4193 3399.0 188
241.0455 3371.0 188
241.6827 3339.0 188
242.3090 3304.0 188
242.9352 3272.0 188
243.5779 3238.0 188
244.1986 3212.0 188
244.8413 3172.0 188
245.4675 3127.0 188
246.1047 3121.0 188
246.7310 3093.0 188
247.3737 3056.0 188
247.9999 3036.0 188
248.6206 2998.0 188
249.2633 2975.0 188
250.0104 2949.0 188
250.5267 2923.0 188
251.1530 2910.0 188
251.9165 2891.0 188
252.4219 2881.0 188
253.1689 2859.0 188
253.8116 2838.0 188
254.4324 2813.0 188
255.0751 2796.0 188
255.7013 2783.0 188
256.3385 2764.0 188
256.9647 2741.0 188
257.6074 2718.0 188
258.2336 2719.0 188
258.8544 2703.0 188
259.4806 2675.0 188
260.1068 2666.0 188
260.7330 2653.0 188
261.3593 2632.0 188
261.9800 2631.0 188
262.6062 2620.0 188
263.2324 2608.0 188
263.8586 2599.0 188
264.4794 2576.0 188
265.1056 2572.0 188
265.7318 2562.0 188
266.3580 2544.0 188
266.9843 2541.0 188
267.7313 2069.0 188
268.3575 2049.0 188
300.4486 7289.0 188
301.0748 7241.0 188
301.7010 7270.0 188
302.3273 7265.0 188
302.9480 7299.0 188
303.5907 6101.0 188
304.3433 5819.0 188
304.9640 5646.0 188
305.5902 5472.0 188
306.2329 5361.0 188
306.8591 5224.0 188
307.4799 5070.0 188
308.1061 4940.0 188
308.7323 4791.0 188
309.3750 4694.0 188
309.9957 4545.0 188
310.6219 4448.0 188
311.2482 4345.0 188
311.8854 4256.0 188
312.5116 4153.0 188
313.1378 4059.0 188
313.7640 3975.0 188
314.3903 3902.0 188
315.0275 3814.0 188
315.7800 3759.0 188
316.4063 3680.0 188
317.0270 3623.0 188
317.6697 3549.0 188
318.2794 3483.0 188
318.9056 3432.0 188
319.5264 3374.0 188
320.1526 3323.0 188
320.7788 3275.0 188
321.4050 3234.0 188
322.0148 3178.0 188
322.6355 3120.0 188
323.2617 3077.0 188
323.8879 3033.0 188
324.5142 3005.0 188
325.1404 2973.0 188
325.7446 2931.0 188
326.3708 2888.0 188
326.9971 2850.0 188
327.6233 2796.0 188
328.3704 2774.0 188
328.9966 2747.0 188
329.6228 2715.0 188
330.2325 2687.0 188
330.8588 2662.0 188
331.4795 2631.0 188
332.1057 2595.0 188
332.7319 2580.0 188
333.3582 2535.0 188
333.9679 2520.0 188
334.5886 2502.0 188
335.2148 2476.0 188
335.8411 2450.0 188
336.4673 2433.0 188
337.0935 2407.0 188
337.7142 2380.0 188
338.4668 2371.0 188
338.9667 2354.0 188
339.7302 2330.0 188
340.3564 2312.0 188
340.8563 2300.0 188
341.6199 2285.0 188
342.2461 2269.0 188
342.8888 2247.0 188
343.5150 2232.0 188
344.1357 2224.0 188
344.7784 2208.0 188
345.4047 2190.0 188
346.0309 2187.0 188
346.6681 2169.0 188
357.1985 150.0 188
