#RPLIDAR SCAN DATA
#COUNT=383
#Angule	Distance	Quality
355.8856 1724.0 188
356.5118 1731.0 188
357.1545 1737.0 188
357.7808 1736.0 188
358.4015 1740.0 188
359.0277 1745.0 188
359.6704 1746.0 188
0.2966 1746.0 188
0.9174 1728.0 188
8.9813 1905.0 188
9.6075 1892.0 188
10.3711 1890.0 188
10.9973 1879.0 188
11.6235 1888.0 188
12.1234 1900.0 188
12.7606 1908.0 188
13.3868 1911.0 188
14.0131 1931.0 188
14.7766 1938.0 188
15.2765 1951.0 188
15.9027 1965.0 188
16.5454 1985.0 188
17.1716 1988.0 188
17.8088 2008.0 188
18.4351 2014.0 188
19.0778 2024.0 188
19.6985 2050.0 188
20.3412 2061.0 188
20.9674 2073.0 188
21.6046 2105.0 188
22.2308 2113.0 188
22.8735 2115.0 188
23.4998 2143.0 188
24.1370 2160.0 188
24.7632 2177.0 188
25.3894 2194.0 188
26.0266 2221.0 188
26.6528 2234.0 188
27.2955 2252.0 188
27.9218 2275.0 188
28.5590 2304.0 188
29.0588 2319.0 188
29.7015 2352.0 188
30.3278 2382.0 188
30.9650 2395.0 188
31.5912 2443.0 188
32.2339 2461.0 188
32.8546 2478.0 188
33.4973 2511.0 188
34.1235 2532.0 188
34.7607 2574.0 188
35.3870 2603.0 188
36.0132 2626.0 188
36.6559 2668.0 188
37.2766 2698.0 188
37.9028 2731.0 188
38.5455 2773.0 188
39.0454 2809.0 188
39.8090 2859.0 188
40.4352 2892.0 188
40.9351 2935.0 188
41.5778 2988.0 188
42.1985 3037.0 188
42.8247 3082.0 188
43.4674 3136.0 188
44.0936 3190.0 188
44.7308 3259.0 188
45.8569 5628.0 188
46.4996 5619.0 188
47.1204 5576.0 188
47.7466 5556.0 188
48.3893 5516.0 188
49.0155 5444.0 188
49.6527 5411.0 188
50.2789 5382.0 188
50.9052 5358.0 188
51.5424 5361.0 188
52.1686 5334.0 188
52.7948 5311.0 188
53.4375 5295.0 188
54.0582 5274.0 188
54.7009 5256.0 188
55.3271 5224.0 188
55.9479 5191.0 188
56.5906 5171.0 188
57.2168 5251.0 188
57.8430 5377.0 188
58.4802 5584.0 188
59.1064 5757.0 188
59.6228 6053.0 188
95.8392 350.0 188
96.9818 342.0 188
97.1082 337.0 188
97.9980 329.0 188
113.6041 399.0 188
114.2303 398.0 188
114.8566 395.0 188
115.3564 394.0 188
116.3727 393.0 188
116.6199 394.0 188
117.2461 393.0 188
118.2458 391.0 188
118.5150 389.0 188
119.5148 386.0 188
120.1355 386.0 188
120.7617 386.0 188
121.1517 387.0 188
121.9043 388.0 188
122.5305 389.0 188
123.0304 388.0 188
123.7939 387.0 188
124.2938 387.0 188
125.0464 387.0 188
125.8099 385.0 188
126.1835 383.0 188
126.9360 381.0 188
127.5623 381.0 188
128.3258 383.0 188
128.5730 386.0 188
129.4519 392.0 188
132.7313 361.0 188
133.3575 355.0 188
134.3573 354.0 188
134.6210 354.0 188
135.2472 361.0 188
138.6365 335.0 188
139.2627 336.0 188
139.7791 325.0 188
140.7788 314.0 188
141.1523 312.0 188
142.0313 311.0 188
142.1521 311.0 188
143.0310 312.0 188
143.5419 312.0 188
144.0417 313.0 188
144.7943 313.0 188
145.6677 316.0 188
146.2939 318.0 188
146.9366 329.0 188
149.3262 841.0 188
149.9524 838.0 188
150.5896 834.0 188
151.3422 830.0 188
151.8420 826.0 188
152.4683 825.0 188
153.0890 822.0 188
153.7317 822.0 188
154.3579 819.0 188
154.9841 816.0 188
155.7312 816.0 188
156.3574 816.0 188
156.9946 811.0 188
157.6208 809.0 188
158.2471 809.0 188
158.8733 808.0 188
159.3732 807.0 188
160.1367 805.0 188
160.7629 803.0 188
161.3892 802.0 188
162.0154 802.0 188
162.6361 799.0 188
163.2788 801.0 188
163.9050 801.0 188
164.5313 800.0 188
165.1520 800.0 188
165.7947 800.0 188
166.4209 800.0 188
167.0416 799.0 188
167.6678 801.0 188
168.4204 802.0 188
168.8104 801.0 188
169.4366 803.0 188
170.1837 804.0 188
170.8099 803.0 188
171.4526 807.0 188
172.0734 806.0 188
172.6996 807.0 188
173.3258 807.0 188
173.9520 810.0 188
174.5892 812.0 188
175.2155 816.0 188
175.8417 816.0 188
176.3416 819.0 188
176.9843 821.0 188
177.7313 823.0 188
178.2477 825.0 188
178.9948 827.0 188
179.6375 828.0 188
180.1538 832.0 188
180.7800 834.0 188
181.4172 838.0 188
182.0599 838.0 188
182.6862 840.0 188
183.3234 844.0 188
184.0759 847.0 188
184.5923 852.0 188
185.2295 859.0 188
185.9821 856.0 188
186.4984 861.0 188
187.1356 865.0 188
187.7618 868.0 188
188.4045 872.0 188
188.9044 876.0 188
189.5416 880.0 188
190.1843 887.0 188
190.9369 887.0 188
191.4478 894.0 188
192.2168 898.0 188
192.7167 904.0 188
193.4802 906.0 188
194.1064 914.0 188
194.6228 916.0 188
195.2655 923.0 188
204.5599 196.0 188
205.9332 192.0 188
203.3569 1016.0 188
203.9832 1019.0 188
204.6094 1038.0 188
206.1365 3355.0 188
212.9480 3930.0 188
213.5907 3886.0 188
214.3433 3918.0 188
214.8541 3969.0 188
215.4803 4017.0 188
216.1230 4089.0 188
216.7493 4135.0 188
217.3865 4199.0 188
218.0127 4244.0 188
218.6554 4329.0 188
219.2761 4373.0 188
219.9188 4435.0 188
220.5615 4524.0 188
221.1823 4600.0 188
221.8250 4671.0 188
222.4512 4744.0 188
223.0884 4813.0 188
223.7311 4899.0 188
224.3573 4974.0 188
225.0000 5039.0 188
225.6207 5159.0 188
226.2634 5239.0 188
226.9061 5347.0 188
227.5269 4492.0 188
228.7958 5690.0 188
229.4330 5794.0 188
229.9493 5973.0 188
230.5756 6070.0 188
231.2183 6170.0 188
231.8390 6385.0 188
232.4817 6477.0 188
233.1244 6568.0 188
240.0732 10928.0 188
240.7159 11051.0 188
241.3422 11017.0 188
241.9684 11006.0 188
242.6056 10995.0 188
243.2318 11017.0 188
243.8745 10972.0 188
244.4952 11029.0 188
269.7144 7121.0 188
270.3406 6748.0 188
270.9668 6548.0 188
271.6040 6181.0 188
272.2302 5989.0 188
272.8564 5723.0 188
273.6090 5573.0 188
274.2462 5347.0 188
274.8724 5229.0 188
275.4987 5041.0 188
276.1249 4890.0 188
276.7621 4897.0 188
277.3883 4903.0 188
278.0145 4922.0 188
278.6353 4960.0 188
279.2780 4967.0 188
279.9042 4979.0 188
280.5304 5013.0 188
281.1676 5048.0 188
281.7938 5060.0 188
282.4200 3762.0 188
283.1836 3738.0 188
283.8098 3623.0 188
284.4360 3533.0 188
285.0732 3456.0 188
285.6995 3400.0 188
286.3257 3329.0 188
286.9684 3258.0 188
287.5891 3203.0 188
288.2153 3144.0 188
288.8416 3103.0 188
289.4843 3039.0 188
290.1050 3007.0 188
290.7312 2960.0 188
291.4948 2903.0 188
291.9946 2852.0 188
292.7472 2820.0 188
293.3899 2794.0 188
294.0106 2741.0 188
294.6368 2704.0 188
295.2795 2669.0 188
295.9058 2641.0 188
296.5265 2591.0 188
297.1692 2566.0 188
297.7954 2535.0 188
298.4216 2497.0 188
299.0588 2471.0 188
299.6851 2442.0 188
300.3113 2412.0 188
301.0748 2384.0 188
301.5747 2364.0 188
302.3273 2339.0 188
302.9645 2306.0 188
303.4644 2287.0 188
304.2169 2270.0 188
304.7333 2248.0 188
305.4803 2235.0 188
306.1066 2213.0 188
306.7493 2189.0 188
307.3700 2163.0 188
307.9962 2151.0 188
308.6389 2125.0 188
309.2651 2109.0 188
309.8859 2100.0 188
310.5286 2080.0 188
311.1548 2065.0 188
311.7810 2050.0 188
312.4182 2033.0 188
313.0444 2021.0 188
313.6707 2010.0 188
314.3079 2004.0 188
314.9341 1988.0 188
315.5603 1968.0 188
316.2030 1961.0 188
316.9501 1940.0 188
317.4664 1935.0 188
318.2135 1917.0 188
318.8397 1910.0 188
319.4659 1899.0 188
319.9658 1892.0 188
320.7184 1878.0 188
321.3391 1861.0 188
321.9653 1857.0 188
322.5916 1851.0 188
323.2178 1846.0 188
323.8385 1828.0 188
324.4647 1825.0 188
325.0909 1818.0 188
325.7172 1812.0 188
326.3434 1809.0 188
326.9641 1795.0 188
327.5903 1794.0 188
328.2166 1784.0 188
328.8428 1774.0 188
329.4635 1774.0 188
330.0897 1764.0 188
330.7159 1761.0 188
331.3422 1754.0 188
331.9684 1751.0 188
332.5891 1741.0 188
333.2153 1743.0 188
333.8416 1730.0 188
334.4678 1731.0 188
335.0885 1723.0 188
335.7147 1723.0 188
336.3409 1725.0 188
336.9672 1719.0 188
337.5934 1720.0 188
338.2141 1719.0 188
338.9832 1713.0 188
339.4830 1720.0 188
340.1202 1712.0 188
340.8728 1706.0 188
341.3892 1699.0 188
342.0154 1700.0 188
342.6526 1703.0 188
343.2788 1697.0 188
343.9215 1702.0 188
344.5422 1704.0 188
345.1849 1698.0 188
345.8112 1697.0 188
346.4484 1695.0 188
347.0746 1723.0 188
357.4951 153.0 188
