#RPLIDAR SCAN DATA
#COUNT=370
#Angule	Distance	Quality
355.9351 1694.0 188
356.5613 1689.0 188
357.1985 1684.0 188
357.8247 1681.0 188
358.5938 1673.0 188
359.2145 1663.0 188
359.7308 1680.0 188
0.3571 1643.0 188
1.1206 1622.0 188
9.2010 1646.0 188
9.9646 1622.0 188
10.5908 1607.0 188
11.2335 1599.0 188
11.8542 1594.0 188
12.4805 1595.0 188
13.1232 1594.0 188
13.7494 1607.0 188
14.3866 1593.0 188
15.0128 1591.0 188
15.6555 1595.0 188
16.2762 1593.0 188
16.9189 1593.0 188
17.5452 1594.0 188
18.1824 1595.0 188
18.8086 1593.0 188
19.4513 1592.0 188
20.0775 1594.0 188
20.7147 1598.0 188
21.3409 1601.0 188
21.9672 1602.0 188
22.6044 1606.0 188
23.2306 1601.0 188
23.8733 1607.0 188
24.3732 1612.0 188
25.1367 1617.0 188
25.6366 1620.0 188
26.2793 1621.0 188
26.9055 1620.0 188
27.6691 1627.0 188
28.2953 1629.0 188
28.9325 1630.0 188
29.4324 1635.0 188
30.0751 1642.0 188
30.7013 1648.0 188
31.4648 1649.0 188
31.9647 1657.0 188
32.6074 1660.0 188
33.3545 1664.0 188
33.9972 1673.0 188
34.4971 1676.0 188
35.1398 1686.0 188
35.7770 1691.0 188
36.4032 1698.0 188
37.0459 1705.0 188
37.6666 1709.0 188
38.3093 1718.0 188
38.9520 1733.0 188
39.5728 1739.0 188
40.2155 1744.0 188
40.8417 1761.0 188
41.4844 1760.0 188
42.1216 1767.0 188
42.7478 1780.0 188
43.3905 1787.0 188
44.0112 1799.0 188
44.6539 1809.0 188
45.2966 1819.0 188
45.9174 1835.0 188
46.5601 1852.0 188
47.1863 1862.0 188
47.7026 1879.0 188
48.3398 1892.0 188
49.0924 1903.0 188
49.6088 1910.0 188
50.2295 1939.0 188
50.8722 1948.0 188
51.5149 1958.0 188
52.1356 1967.0 188
52.7783 1990.0 188
53.4210 2003.0 188
54.0582 2017.0 188
54.7009 2027.0 188
55.3436 2057.0 188
55.9808 2069.0 188
56.6235 2087.0 188
57.2607 2107.0 188
57.9034 2122.0 188
58.5297 2140.0 188
59.1669 2168.0 188
59.8096 2189.0 188
60.4523 2213.0 188
61.0895 2242.0 188
61.7322 2254.0 188
62.2485 2292.0 188
62.8857 2309.0 188
63.6548 2330.0 188
64.1711 2365.0 188
64.8083 2386.0 188
65.4346 2417.0 188
66.0773 2464.0 188
87.9675 189.0 188
88.6047 190.0 188
89.2474 192.0 188
101.0907 375.0 188
101.9806 373.0 188
102.4805 374.0 188
103.1232 367.0 188
115.5267 381.0 188
116.2793 382.0 188
117.0264 385.0 188
117.5427 390.0 188
118.0426 394.0 188
118.8116 398.0 188
119.3115 401.0 188
119.9487 405.0 188
120.5750 408.0 188
121.2012 410.0 188
121.7175 413.0 188
122.4646 415.0 188
122.9810 416.0 188
123.6072 417.0 188
123.9972 418.0 188
124.9969 419.0 188
125.2606 419.0 188
126.2604 418.0 188
126.5131 417.0 188
127.2766 416.0 188
128.1555 416.0 188
128.5455 417.0 188
129.4189 417.0 188
129.8090 418.0 188
130.3088 422.0 188
131.3251 469.0 188
131.6986 487.0 188
132.4677 495.0 188
140.1526 319.0 188
140.5426 306.0 188
141.4215 305.0 188
141.6852 303.0 188
142.9321 302.0 188
143.0750 303.0 188
144.4482 303.0 188
144.7174 302.0 188
145.3436 301.0 188
145.6073 303.0 188
146.4807 306.0 188
150.8423 3234.0 188
151.4795 3260.0 188
152.1057 3291.0 188
152.7484 3344.0 188
153.3746 3364.0 188
155.9180 3516.0 188
164.1687 3875.0 188
164.8114 3843.0 188
165.4486 3831.0 188
166.0748 3794.0 188
166.7175 3794.0 188
167.3547 3729.0 188
167.9810 3696.0 188
169.2609 3322.0 188
169.8871 3238.0 188
170.5298 3145.0 188
171.7932 3728.0 188
172.4359 3728.0 188
173.0731 3713.0 188
173.6993 3696.0 188
174.3420 3694.0 188
174.9683 3668.0 188
175.6055 3645.0 188
176.2317 3633.0 188
176.8744 3622.0 188
177.5116 3603.0 188
178.1378 3587.0 188
178.7805 3563.0 188
179.4012 3564.0 188
180.0439 3540.0 188
180.6866 3536.0 188
181.3074 3526.0 188
181.9501 3510.0 188
182.5763 3508.0 188
183.2135 3501.0 188
183.8562 3486.0 188
184.4824 3481.0 188
185.1196 3471.0 188
185.7458 3463.0 188
186.3885 3458.0 188
187.0313 3455.0 188
187.6520 3455.0 188
188.2947 3447.0 188
189.0417 2760.0 188
189.6844 2757.0 188
190.3271 2754.0 188
190.9479 2753.0 188
191.5906 2750.0 188
192.2168 2745.0 188
192.8540 2737.0 188
193.4967 2726.0 188
194.1229 2733.0 188
194.7656 2737.0 188
205.1697 191.0 188
205.8124 192.0 188
206.4331 193.0 188
201.7145 2652.0 188
202.3572 2728.0 188
202.9834 2744.0 188
203.6206 2754.0 188
204.2633 2752.0 188
204.8895 2756.0 188
205.5267 2731.0 188
206.1530 2695.0 188
212.4811 2868.0 188
212.9974 2904.0 188
213.6401 2852.0 188
214.2609 2864.0 188
215.0299 2871.0 188
215.6671 2878.0 188
216.3098 2885.0 188
216.9525 2903.0 188
217.4634 2909.0 188
218.2324 2939.0 188
218.7488 2944.0 188
219.5123 2964.0 188
220.1550 2972.0 188
220.6714 2989.0 188
221.3086 3004.0 188
221.9513 3015.0 188
222.5885 3052.0 188
223.2312 3051.0 188
223.8739 3063.0 188
224.5111 3078.0 188
225.1538 3100.0 188
225.7965 3102.0 188
226.4337 3131.0 188
227.3236 2339.0 188
227.8400 2299.0 188
228.6090 2336.0 188
229.1199 2408.0 188
229.7626 2393.0 188
230.4053 2411.0 188
231.0425 2447.0 188
231.6852 2440.0 188
232.8387 3370.0 188
233.4814 3387.0 188
234.1241 3414.0 188
234.7449 3455.0 188
235.3876 3479.0 188
236.0138 3516.0 188
236.6510 3531.0 188
237.2772 3588.0 188
237.9199 3628.0 188
238.5571 3655.0 188
239.1833 3690.0 188
239.8260 3726.0 188
240.4523 3763.0 188
241.0895 3801.0 188
241.6058 3840.0 188
242.2321 3888.0 188
242.9956 3932.0 188
243.4955 3971.0 188
244.1382 4021.0 188
244.7809 4067.0 188
245.4016 4117.0 188
246.0443 4174.0 188
246.6705 4237.0 188
247.3077 4268.0 188
247.9504 4336.0 188
248.5767 4373.0 188
249.2139 4435.0 188
249.8401 4492.0 188
250.4828 4551.0 188
251.7462 4700.0 188
254.1687 6344.0 188
254.7949 6393.0 188
255.4321 6520.0 188
256.0583 6640.0 188
256.7010 6903.0 188
257.3273 6997.0 188
257.9645 7024.0 188
258.5907 7202.0 188
259.2334 7339.0 188
263.0292 8534.0 188
265.5615 9290.0 188
266.1987 9227.0 188
266.8250 9203.0 188
267.4677 9227.0 188
268.0884 9195.0 188
268.7311 9187.0 188
269.3573 9180.0 188
270.0000 9148.0 188
270.6207 9018.0 188
271.2634 8981.0 188
271.8896 8981.0 188
294.7028 12573.0 188
299.1083 7164.0 188
300.3717 6588.0 188
300.9979 6202.0 188
301.6406 5989.0 188
302.2614 5748.0 188
303.0139 5559.0 188
303.6511 5345.0 188
304.2773 5174.0 188
304.9200 4999.0 188
305.5463 4817.0 188
306.1670 4675.0 188
306.8097 4536.0 188
307.4359 4408.0 188
308.0621 4266.0 188
308.6993 4161.0 188
309.3256 4042.0 188
310.0891 3944.0 188
310.7153 3818.0 188
311.3416 3730.0 188
311.9843 3655.0 188
312.6050 3577.0 188
313.2312 3481.0 188
313.8739 3426.0 188
314.4946 3352.0 188
315.1373 3267.0 188
315.7635 3206.0 188
316.3898 3149.0 188
317.0270 3097.0 188
317.6532 3025.0 188
318.2959 2991.0 188
318.9166 2935.0 188
319.5593 2888.0 188
320.3119 2823.0 188
320.9491 2778.0 188
321.5753 2776.0 188
322.2180 2799.0 188
322.8387 2839.0 188
323.4814 2839.0 188
324.1077 2867.0 188
324.7449 2878.0 188
325.2448 2900.0 188
325.8710 2913.0 188
326.5137 2942.0 188
327.1399 2967.0 188
327.7771 2992.0 188
328.4033 3031.0 188
329.0460 3066.0 188
329.6667 3089.0 188
330.3094 3125.0 188
330.9357 3164.0 188
331.5729 3191.0 188
332.1991 3216.0 188
332.8418 3251.0 188
333.4680 3298.0 188
334.1052 3329.0 188
334.7314 3362.0 188
335.3741 3412.0 188
335.9949 3471.0 188
336.6376 3507.0 188
337.2638 3511.0 188
337.9010 3499.0 188
338.5272 3451.0 188
339.1699 3420.0 188
339.7961 3391.0 188
340.4333 3360.0 188
341.0596 3333.0 188
341.7023 3313.0 188
342.7020 1915.0 188
343.3392 1899.0 188
343.9655 1886.0 188
344.6082 1867.0 188
345.2344 1863.0 188
345.7452 1852.0 188
346.4978 1834.0 188
347.1405 1847.0 188
357.5446 148.0 188
358.1873 149.0 188
