#RPLIDAR SCAN DATA
#COUNT=366
#Angule	Distance	Quality
356.2482 1665.0 188
356.8744 1664.0 188
357.3743 1658.0 188
358.1213 1655.0 188
358.7476 1650.0 188
359.3738 1649.0 188
359.8737 1639.0 188
0.6372 1623.0 188
1.2634 1604.0 188
9.4373 1651.0 188
9.9371 1641.0 188
10.5579 1619.0 188
11.2006 1612.0 188
11.9531 1614.0 188
12.5739 1613.0 188
13.2166 1614.0 188
13.8428 1615.0 188
14.4635 1623.0 188
15.1062 1615.0 188
15.7324 1621.0 188
16.3586 1624.0 188
16.8750 1619.0 188
17.6221 1624.0 188
18.2483 1629.0 188
18.8855 1632.0 188
19.5117 1630.0 188
20.0116 1634.0 188
20.6543 1647.0 188
21.4014 1649.0 188
21.9012 1646.0 188
22.6703 1651.0 188
23.2965 1655.0 188
23.9172 1656.0 188
24.4336 1660.0 188
25.1862 1672.0 188
25.7025 1673.0 188
26.3232 1680.0 188
26.9659 1686.0 188
27.5922 1691.0 188
28.2294 1697.0 188
28.8556 1697.0 188
29.4983 1714.0 188
30.1245 1709.0 188
30.7617 1725.0 188
31.3879 1736.0 188
32.0306 1740.0 188
32.6514 1744.0 188
33.2941 1753.0 188
33.9203 1759.0 188
34.5575 1776.0 188
35.1837 1781.0 188
35.8264 1787.0 188
36.4636 1787.0 188
37.0898 1813.0 188
37.7325 1820.0 188
38.3588 1826.0 188
38.9960 1839.0 188
39.6222 1851.0 188
40.2649 1859.0 188
40.8856 1869.0 188
41.4020 1885.0 188
42.1545 1902.0 188
42.7917 1908.0 188
43.4180 1923.0 188
43.9343 1941.0 188
44.5605 1949.0 188
45.1978 1973.0 188
45.8405 1995.0 188
46.4667 2010.0 188
47.0929 2021.0 188
47.7301 2039.0 188
48.3563 2052.0 188
48.9990 2079.0 188
49.6198 2087.0 188
50.2625 2103.0 188
50.8887 2117.0 188
51.5149 2140.0 188
52.1521 2158.0 188
52.7783 2175.0 188
53.4210 2195.0 188
54.0417 2222.0 188
54.5581 2248.0 188
55.1843 2264.0 188
55.8270 2299.0 188
56.5741 2317.0 188
57.2003 2333.0 188
57.7167 2376.0 188
58.4637 2396.0 188
58.9801 2431.0 188
59.6063 2459.0 188
60.2490 2500.0 188
60.8698 2520.0 188
61.4960 2545.0 188
62.1387 2590.0 188
62.7649 2622.0 188
63.4021 2648.0 188
64.0283 2693.0 188
64.6710 2730.0 188
99.4373 364.0 188
115.4993 376.0 188
116.2628 376.0 188
116.6364 377.0 188
117.1362 378.0 188
118.1525 381.0 188
118.4052 384.0 188
118.9050 388.0 188
119.5422 391.0 188
120.1685 394.0 188
121.0419 398.0 188
121.2946 401.0 188
122.0581 403.0 188
122.9370 405.0 188
123.5577 405.0 188
124.0741 404.0 188
124.8267 401.0 188
125.4529 399.0 188
125.8429 393.0 188
126.5900 389.0 188
127.0898 388.0 188
128.1061 387.0 188
128.4796 388.0 188
128.9795 390.0 188
129.7485 396.0 188
139.4659 320.0 188
140.5920 317.0 188
141.1084 312.0 188
141.3556 308.0 188
142.3553 307.0 188
142.7454 306.0 188
143.4979 306.0 188
144.3878 305.0 188
144.7614 304.0 188
145.5304 307.0 188
146.0303 310.0 188
153.6383 3322.0 188
154.2810 3316.0 188
154.9017 3332.0 188
155.5280 3341.0 188
156.1707 3356.0 188
156.7969 3385.0 188
157.4176 3394.0 188
158.0603 3774.0 188
158.6865 3831.0 188
160.5762 3275.0 188
161.8396 3833.0 188
162.3395 3814.0 188
162.9657 3814.0 188
163.7292 3786.0 188
164.3555 3770.0 188
164.9817 3734.0 188
165.6244 3734.0 188
166.2451 3720.0 188
166.8878 3699.0 188
167.5140 3686.0 188
168.1512 3660.0 188
168.7775 3650.0 188
169.4202 3630.0 188
170.0574 3619.0 188
170.6836 3606.0 188
171.3263 3597.0 188
171.9635 3568.0 188
172.5897 3559.0 188
173.2324 3533.0 188
173.8586 3530.0 188
174.4958 3528.0 188
175.1385 3508.0 188
175.7648 3507.0 188
176.4020 3492.0 188
177.0447 3484.0 188
177.7917 2770.0 188
178.4344 2760.0 188
179.0607 2754.0 188
179.6979 2759.0 188
180.3406 2750.0 188
180.9668 2744.0 188
181.6040 2740.0 188
182.2467 2742.0 188
182.8729 2735.0 188
183.5156 2739.0 188
184.1364 2719.0 188
184.7791 2714.0 188
185.4218 2715.0 188
186.0425 2717.0 188
186.6852 2706.0 188
187.3279 2712.0 188
187.9486 2710.0 188
188.5748 2706.0 188
189.2175 2690.0 188
189.8438 2700.0 188
190.4810 2695.0 188
191.1072 2711.0 188
191.7499 2710.0 188
192.3706 2725.0 188
193.0133 2708.0 188
193.6395 2723.0 188
194.2767 2722.0 188
194.9030 2723.0 188
205.3125 193.0 188
205.9497 192.0 188
201.8573 2732.0 188
202.5000 2747.0 188
203.1207 2765.0 188
203.7634 2774.0 188
204.3896 2774.0 188
205.0269 2783.0 188
205.6531 2772.0 188
206.2958 2727.0 188
212.4976 2962.0 188
213.1403 2973.0 188
213.7610 2948.0 188
214.4037 2960.0 188
215.0299 2962.0 188
216.5460 2208.0 188
217.1832 2236.0 188
217.8259 2276.0 188
218.4521 2258.0 188
219.0894 2260.0 188
219.5892 2323.0 188
220.3583 2288.0 188
220.8582 2299.0 188
221.9952 3141.0 188
222.6379 3185.0 188
223.2806 3203.0 188
223.9014 3228.0 188
224.5441 3246.0 188
225.1703 3269.0 188
225.8075 3295.0 188
226.4337 3325.0 188
227.0764 3348.0 188
227.7136 3375.0 188
228.3398 3400.0 188
228.9825 3437.0 188
229.6088 3468.0 188
230.2460 3496.0 188
230.8722 3531.0 188
231.5149 3562.0 188
232.1356 3606.0 188
232.7783 3640.0 188
233.4045 3676.0 188
234.0417 3690.0 188
234.5416 3750.0 188
235.3107 3779.0 188
235.8105 3825.0 188
236.5741 3862.0 188
237.0740 3915.0 188
237.7167 3946.0 188
238.3594 4007.0 188
238.9801 4056.0 188
239.6228 4079.0 188
240.2490 4122.0 188
240.8862 4186.0 188
241.5125 4236.0 188
242.1552 4287.0 188
242.7759 4354.0 188
244.0448 4462.0 188
244.5612 6111.0 188
246.4508 6043.0 188
247.0935 6115.0 188
247.7307 6206.0 188
248.3569 6318.0 188
248.9996 6416.0 188
249.6204 6497.0 188
250.2631 6661.0 188
250.8893 6744.0 188
251.5265 6956.0 188
252.1527 7052.0 188
252.7954 7188.0 188
253.4216 7202.0 188
259.1235 8966.0 188
259.7607 8951.0 188
260.3870 8951.0 188
261.0297 8922.0 188
261.6559 8863.0 188
262.2931 8834.0 188
262.9193 8791.0 188
263.5620 8755.0 188
264.1827 8762.0 188
264.8254 8713.0 188
265.4517 8713.0 188
288.7921 12385.0 188
294.4995 6592.0 188
295.1202 6344.0 188
295.7629 6060.0 188
296.3892 5828.0 188
297.1527 5613.0 188
297.7789 5406.0 188
298.4216 5254.0 188
299.0424 5086.0 188
299.6851 4879.0 188
300.3113 4710.0 188
300.9485 4571.0 188
301.5747 4452.0 188
302.2174 4303.0 188
302.8436 4212.0 188
303.4808 4097.0 188
304.1071 3990.0 188
304.8706 3883.0 188
305.3705 3773.0 188
306.1395 3700.0 188
306.7603 3612.0 188
307.4030 3519.0 188
308.0292 3460.0 188
308.6719 3397.0 188
309.2926 3316.0 188
309.9188 3248.0 188
310.5450 3193.0 188
311.1823 3133.0 188
311.8085 3066.0 188
312.4347 3019.0 188
313.0774 2981.0 188
313.6981 2926.0 188
314.4507 2868.0 188
315.0934 2812.0 188
315.7141 2775.0 188
316.3403 2733.0 188
316.9830 2696.0 188
317.6093 2652.0 188
318.2300 2617.0 188
318.8727 2579.0 188
319.4989 2586.0 188
320.1196 2612.0 188
320.7458 2632.0 188
321.3885 2664.0 188
322.0148 2680.0 188
322.6355 2695.0 188
323.2782 2715.0 188
323.9044 2757.0 188
324.5306 2770.0 188
325.1678 2802.0 188
325.7941 2831.0 188
326.4203 2859.0 188
326.9366 2894.0 188
327.5574 2933.0 188
328.1836 2953.0 188
328.8263 2992.0 188
329.4525 3030.0 188
330.0897 3063.0 188
330.7159 3112.0 188
331.3586 3155.0 188
331.9794 3199.0 188
332.6221 3231.0 188
333.2483 3277.0 188
333.8855 3339.0 188
334.5117 3376.0 188
335.1544 3369.0 188
335.7806 3356.0 188
336.4178 3319.0 188
337.0441 3288.0 188
337.6868 3258.0 188
338.3075 3238.0 188
338.9502 3211.0 188
339.5764 3197.0 188
340.2136 3183.0 188
340.8398 3152.0 188
341.4825 3139.0 188
342.1088 3123.0 188
342.7460 3110.0 188
343.7457 1805.0 188
344.3884 1799.0 188
345.0146 1795.0 188
345.6519 1777.0 188
346.2781 1771.0 188
346.9208 1766.0 188
357.3248 152.0 188
357.9510 149.0 188
358.5938 150.0 188
