#RPLIDAR SCAN DATA
#COUNT=404
#Angule	Distance	Quality
356.2482 1685.0 188
357.0447 1688.0 188
357.5885 1690.0 188
358.2642 1691.0 188
358.9178 1693.0 188
359.5935 1695.0 188
0.2637 1690.0 188
0.9174 1670.0 188
9.6075 1796.0 188
10.2612 1793.0 188
10.9369 1787.0 188
11.6071 1788.0 188
12.2772 1800.0 188
12.9364 1812.0 188
13.6066 1817.0 188
14.2767 1829.0 188
14.9524 1837.0 188
15.6226 1843.0 188
16.2927 1856.0 188
16.9684 1864.0 188
17.6385 1869.0 188
18.3087 1878.0 188
18.8580 1899.0 188
19.6545 1919.0 188
20.1984 1922.0 188
20.8740 1939.0 188
21.5442 1951.0 188
22.2144 1966.0 188
22.8900 1984.0 188
23.5602 1992.0 188
24.2303 2002.0 188
24.9060 2021.0 188
25.5927 2035.0 188
26.2628 2047.0 188
26.9330 2065.0 188
27.6086 2081.0 188
28.2788 2104.0 188
28.9490 2120.0 188
29.6246 2144.0 188
30.2948 2156.0 188
30.9650 2179.0 188
31.6406 2199.0 188
32.3108 2219.0 188
32.9810 2246.0 188
33.5303 2269.0 188
34.3268 2291.0 188
34.8706 2322.0 188
35.6671 2344.0 188
36.2329 2373.0 188
36.9031 2400.0 188
37.5732 2425.0 188
38.2489 2453.0 188
38.9191 2485.0 188
39.5892 2532.0 188
40.2649 2569.0 188
40.9351 2601.0 188
41.6052 2641.0 188
42.2809 2664.0 188
42.9510 2704.0 188
43.6212 2735.0 188
44.2969 2784.0 188
44.9670 2818.0 188
45.5109 2874.0 188
48.7463 5269.0 188
49.4165 5211.0 188
50.0922 5203.0 188
50.7623 5144.0 188
51.4325 5103.0 188
52.1082 5081.0 188
52.7783 5044.0 188
53.4485 5020.0 188
54.1241 4990.0 188
54.7943 4960.0 188
55.4645 4944.0 188
56.1401 4926.0 188
56.8103 4885.0 188
57.4969 4839.0 188
58.1671 4821.0 188
58.8428 4793.0 188
59.5129 4759.0 188
60.1831 4746.0 188
61.5289 5025.0 188
62.1991 5254.0 188
62.8748 5313.0 188
70.1367 9570.0 188
85.6055 9587.0 188
86.2921 9699.0 188
92.6093 3617.0 188
101.0138 438.0 188
101.8103 424.0 188
102.6068 417.0 188
103.2770 414.0 188
103.5901 412.0 188
104.6393 408.0 188
105.3094 403.0 188
105.8588 399.0 188
106.6553 396.0 188
107.1991 394.0 188
108.2483 392.0 188
109.0448 390.0 188
109.3414 389.0 188
110.2643 387.0 188
110.8081 386.0 188
111.7310 385.0 188
112.4011 384.0 188
112.6978 383.0 188
113.4998 383.0 188
114.1699 382.0 188
114.7137 382.0 188
115.5103 381.0 188
116.1859 381.0 188
116.9824 381.0 188
117.7789 383.0 188
118.0756 385.0 188
118.6249 387.0 188
119.5422 389.0 188
120.0916 391.0 188
120.7617 393.0 188
121.3110 395.0 188
122.3547 397.0 188
122.9041 400.0 188
123.5742 403.0 188
124.2499 404.0 188
124.9200 405.0 188
125.5902 408.0 188
125.7605 412.0 188
126.6833 417.0 188
127.2327 422.0 188
127.9028 426.0 188
128.4521 431.0 188
129.3750 436.0 188
129.9188 442.0 188
130.3418 450.0 188
136.5601 163.0 188
137.2302 163.0 188
137.9059 163.0 188
138.5760 163.0 188
139.2462 164.0 188
139.9219 165.0 188
140.5920 166.0 188
141.2622 168.0 188
143.2782 170.0 188
143.9484 168.0 188
144.6240 168.0 188
145.2942 168.0 188
145.9644 168.0 188
146.6400 169.0 188
147.3102 170.0 188
147.9803 172.0 188
148.6560 170.0 188
149.0735 174.0 188
149.7491 175.0 188
150.4193 175.0 188
151.0895 175.0 188
151.7651 176.0 188
152.4353 177.0 188
153.1055 177.0 188
153.7811 178.0 188
154.4513 180.0 188
155.1215 183.0 188
155.6708 185.0 188
156.4673 189.0 188
157.1375 192.0 188
157.1869 194.0 188
164.5422 179.0 188
165.2179 180.0 188
165.9045 179.0 188
166.5747 180.0 188
167.2449 181.0 188
167.9205 182.0 188
168.5907 183.0 188
169.2609 185.0 188
164.7290 753.0 188
165.4047 752.0 188
166.0748 752.0 188
166.7615 751.0 188
167.4207 749.0 188
168.0908 750.0 188
168.7610 746.0 188
173.3423 775.0 188
174.1388 757.0 188
174.8090 753.0 188
175.3583 752.0 188
176.1548 753.0 188
176.8250 754.0 188
177.3743 755.0 188
178.0280 754.0 188
178.8245 758.0 188
179.4946 760.0 188
180.0439 761.0 188
180.8405 762.0 188
181.5106 766.0 188
182.1863 765.0 188
182.8564 768.0 188
183.5266 770.0 188
184.2023 784.0 188
184.7461 774.0 188
185.5426 776.0 188
186.0919 780.0 188
186.8884 781.0 188
187.4323 785.0 188
188.1079 788.0 188
188.7781 788.0 188
189.4482 793.0 188
190.1239 799.0 188
190.7941 799.0 188
191.4642 803.0 188
192.1509 807.0 188
192.8265 811.0 188
193.4967 815.0 188
194.0460 819.0 188
194.8425 824.0 188
195.5292 828.0 188
196.0730 842.0 188
205.5762 191.0 188
206.2463 195.0 188
202.6978 878.0 188
203.4998 893.0 188
204.0436 900.0 188
204.8401 906.0 188
205.5103 899.0 188
211.8878 1030.0 188
212.5580 1022.0 188
213.3545 1021.0 188
214.0302 1032.0 188
214.7003 1044.0 188
215.3705 1055.0 188
216.0461 1068.0 188
216.6064 1080.0 188
217.2766 1096.0 188
217.9523 1107.0 188
218.6224 1119.0 188
219.2926 1132.0 188
219.9683 1149.0 188
220.6384 1165.0 188
221.1823 1180.0 188
221.8579 1197.0 188
222.5281 1213.0 188
223.1982 1218.0 188
223.8904 1235.0 188
224.5605 1252.0 188
225.2307 1272.0 188
225.7800 1290.0 188
226.4502 1310.0 188
227.1204 1336.0 188
227.7960 1355.0 188
228.4662 1380.0 188
229.0155 1402.0 188
229.8120 1430.0 188
230.3723 1458.0 188
231.0425 1482.0 188
231.7181 1514.0 188
232.3883 1547.0 188
233.0585 1578.0 188
233.6078 1619.0 188
234.2780 1657.0 188
234.9481 1695.0 188
235.6238 1734.0 188
236.2939 1775.0 188
236.9641 1815.0 188
237.6563 1866.0 188
238.3264 1908.0 188
238.8702 1947.0 188
240.2161 2089.0 188
240.8862 2146.0 188
246.6980 3012.0 188
247.3737 3179.0 188
248.7140 3487.0 188
249.3896 3644.0 188
250.0598 3899.0 188
250.6091 4089.0 188
251.2958 4130.0 188
251.9659 4122.0 188
252.6361 4114.0 188
253.3118 4125.0 188
253.9819 4117.0 188
254.6521 4089.0 188
255.3278 4086.0 188
255.9979 4086.0 188
256.6681 4065.0 188
257.3438 4089.0 188
258.0139 4076.0 188
258.6841 4056.0 188
259.3542 4059.0 188
260.0299 4048.0 188
260.7001 4067.0 188
261.3702 4059.0 188
262.0624 4071.0 188
262.7325 4051.0 188
263.4027 4082.0 188
264.0729 4078.0 188
264.7485 4082.0 188
265.4187 4087.0 188
266.0889 4093.0 188
266.7645 4086.0 188
267.4347 4082.0 188
268.1049 4092.0 188
268.7805 4095.0 188
269.4507 4121.0 188
270.1208 4154.0 188
270.7965 4151.0 188
271.4667 4176.0 188
272.1368 4182.0 188
272.8235 4182.0 188
273.4827 4190.0 188
274.1528 4204.0 188
274.8230 4192.0 188
275.4987 4210.0 188
276.1523 4207.0 188
276.8280 4227.0 188
277.4982 4246.0 188
278.1683 4239.0 188
278.8275 4266.0 188
279.4977 4296.0 188
280.1678 4311.0 188
280.8435 4339.0 188
281.4972 4364.0 188
282.1674 4382.0 188
282.8430 4426.0 188
283.5132 4334.0 188
284.1669 4192.0 188
284.8425 4082.0 188
285.5127 3998.0 188
286.1829 3874.0 188
286.9684 3779.0 188
287.6385 3698.0 188
288.3087 3617.0 188
288.9844 3526.0 188
289.6381 3542.0 188
290.3082 3549.0 188
290.9839 3590.0 188
291.6541 3608.0 188
292.3077 3643.0 188
292.9834 3658.0 188
293.6536 3691.0 188
294.3237 3712.0 188
294.9829 3739.0 188
295.5267 3773.0 188
296.2024 3814.0 188
296.9989 3831.0 188
297.5427 3865.0 188
298.2184 3898.0 188
298.8885 3937.0 188
299.5587 3978.0 188
300.2344 4017.0 188
300.9045 4037.0 188
301.5747 4092.0 188
302.2449 4140.0 188
302.9205 4190.0 188
303.5907 4253.0 188
304.2609 4296.0 188
304.9365 4364.0 188
305.6067 4406.0 188
306.2769 4439.0 188
306.9525 4475.0 188
307.6227 4557.0 188
308.2928 4602.0 188
308.9685 4647.0 188
309.6387 4710.0 188
310.3088 4797.0 188
310.9790 4861.0 188
311.6547 4910.0 188
312.3248 4970.0 188
318.9056 5844.0 188
319.5758 5963.0 188
320.2460 6108.0 188
322.9321 7897.0 188
323.6078 7834.0 188
324.2780 7823.0 188
324.9481 7766.0 188
325.6238 7716.0 188
326.2939 7716.0 188
327.5903 1826.0 188
328.2605 1816.0 188
328.9362 1812.0 188
329.6063 1797.0 188
330.2765 1788.0 188
330.9521 1781.0 188
331.6223 1778.0 188
332.2925 1773.0 188
332.9681 1764.0 188
333.6383 1759.0 188
334.3085 1747.0 188
334.9841 1743.0 188
335.6543 1740.0 188
336.3245 1728.0 188
336.9946 1722.0 188
337.6703 1723.0 188
338.3240 1720.0 188
338.9996 1713.0 188
339.6698 1706.0 188
340.3400 1705.0 188
341.0156 1705.0 188
341.6858 1693.0 188
342.4823 1692.0 188
343.0261 1691.0 188
343.7018 1689.0 188
344.3719 1681.0 188
345.0421 1680.0 188
345.8386 1678.0 188
346.3879 1679.0 188
347.0581 1694.0 188
357.6709 151.0 188
358.3411 149.0 188
