#RPLIDAR SCAN DATA
#COUNT=403
#Angule	Distance	Quality
356.1987 1579.0 188
356.8744 1593.0 188
357.5446 1595.0 188
358.2147 1587.0 188
358.8904 1592.0 188
359.5605 1607.0 188
0.2307 1598.0 188
0.9009 1585.0 188
9.4977 1717.0 188
10.1514 1701.0 188
10.8270 1708.0 188
11.4972 1709.0 188
12.1674 1711.0 188
12.8265 1727.0 188
13.4967 1732.0 188
14.1669 1742.0 188
14.8260 1755.0 188
15.4962 1764.0 188
16.1719 1779.0 188
16.8420 1796.0 188
17.4957 1797.0 188
18.1714 1811.0 188
18.8416 1822.0 188
19.4952 1826.0 188
20.1709 1851.0 188
20.8411 1855.0 188
21.5112 1869.0 188
22.0441 1889.0 188
22.7142 1904.0 188
23.3899 1909.0 188
24.0436 1930.0 188
24.7137 1951.0 188
25.5103 1964.0 188
26.0596 1983.0 188
26.7188 1997.0 188
27.3889 2014.0 188
28.0591 2034.0 188
28.7292 2047.0 188
29.4049 2065.0 188
30.0751 2092.0 188
30.7452 2114.0 188
31.4209 2135.0 188
32.0911 2153.0 188
32.7612 2184.0 188
33.4369 2204.0 188
34.1235 2229.0 188
34.7937 2254.0 188
35.4639 2286.0 188
36.1395 2312.0 188
36.8097 2345.0 188
37.3590 2374.0 188
38.0292 2406.0 188
38.6993 2438.0 188
39.3860 2475.0 188
40.0616 2511.0 188
40.7318 2542.0 188
41.4020 2584.0 188
42.0776 2624.0 188
42.7478 2661.0 188
43.4180 2705.0 188
44.0936 2746.0 188
44.7803 2782.0 188
45.4504 2833.0 188
45.9998 2893.0 188
48.5596 5249.0 188
49.2297 5236.0 188
49.9219 5229.0 188
50.5920 5152.0 188
51.2622 5166.0 188
51.9324 5122.0 188
52.6080 5091.0 188
53.2782 5060.0 188
53.9484 5051.0 188
54.6405 5011.0 188
55.3107 4995.0 188
55.9808 4965.0 188
56.6510 4951.0 188
57.3267 4937.0 188
57.9968 4894.0 188
58.6835 4872.0 188
59.3591 4843.0 188
60.6995 5065.0 188
69.3402 9587.0 188
84.1058 9734.0 188
84.7760 9787.0 188
91.6040 3754.0 188
92.4060 3559.0 188
93.0762 3495.0 188
93.7463 3521.0 188
97.9047 2636.0 188
98.5913 2627.0 188
99.2615 2631.0 188
102.5574 479.0 188
103.2330 466.0 188
103.9032 454.0 188
104.4525 449.0 188
105.4962 446.0 188
105.9192 443.0 188
106.8585 438.0 188
107.5287 432.0 188
108.3252 428.0 188
108.7482 427.0 188
109.7919 424.0 188
110.2148 423.0 188
110.7642 421.0 188
111.6870 420.0 188
112.3737 419.0 188
113.0438 418.0 188
113.8403 418.0 188
114.2633 417.0 188
114.9335 417.0 188
115.6091 416.0 188
116.1530 416.0 188
117.0758 415.0 188
117.8888 415.0 188
118.4216 416.0 188
119.0918 418.0 188
119.6356 421.0 188
120.3113 423.0 188
120.7178 426.0 188
121.6406 427.0 188
122.3108 431.0 188
123.1073 433.0 188
123.7775 436.0 188
124.1840 439.0 188
124.7333 444.0 188
125.6561 443.0 188
126.0736 448.0 188
126.8591 453.0 188
127.5293 458.0 188
128.0731 463.0 188
128.4961 467.0 188
129.4189 474.0 188
129.8254 482.0 188
130.4956 488.0 188
136.9666 163.0 188
137.6202 162.0 188
138.2959 162.0 188
138.9661 162.0 188
139.6362 163.0 188
140.3119 163.0 188
140.9656 164.0 188
141.6357 165.0 188
142.3114 166.0 188
144.3109 171.0 188
144.9811 169.0 188
145.6512 170.0 188
146.3269 170.0 188
146.9971 170.0 188
147.6672 170.0 188
148.3429 171.0 188
148.7604 173.0 188
150.7764 177.0 188
151.4520 176.0 188
152.1222 176.0 188
152.7924 177.0 188
153.4680 177.0 188
154.1382 178.0 188
154.8083 179.0 188
155.4840 181.0 188
156.1542 184.0 188
158.1702 196.0 188
158.8403 199.0 188
164.8883 190.0 188
165.5420 190.0 188
166.2177 190.0 188
166.8878 191.0 188
167.5580 192.0 188
168.2336 193.0 188
168.9038 195.0 188
169.5740 197.0 188
164.1248 855.0 188
164.7784 854.0 188
165.5750 854.0 188
166.1243 854.0 188
166.7944 855.0 188
167.4646 853.0 188
168.2611 835.0 188
172.6996 886.0 188
173.4961 861.0 188
174.1718 857.0 188
174.8419 858.0 188
175.4956 860.0 188
176.0449 861.0 188
176.8414 861.0 188
177.5116 864.0 188
178.1873 865.0 188
178.8574 867.0 188
179.5276 868.0 188
180.1978 871.0 188
180.8569 873.0 188
181.5271 876.0 188
182.2028 877.0 188
182.8729 879.0 188
183.5431 882.0 188
184.2188 883.0 188
184.7626 890.0 188
185.4327 908.0 188
186.2183 896.0 188
186.8884 897.0 188
187.4323 902.0 188
188.1079 905.0 188
188.7781 911.0 188
189.4482 914.0 188
190.2448 918.0 188
190.7941 923.0 188
191.4478 927.0 188
192.1234 932.0 188
192.7936 936.0 188
193.4637 940.0 188
194.1394 947.0 188
194.6832 951.0 188
195.4797 961.0 188
205.3235 191.0 188
205.7465 191.0 188
202.6044 1026.0 188
203.4009 1041.0 188
204.0930 1048.0 188
204.7632 1055.0 188
205.4333 1054.0 188
211.9482 1201.0 188
212.6239 1206.0 188
213.2941 1211.0 188
213.9642 1203.0 188
214.6509 1216.0 188
215.3265 1229.0 188
215.9967 1249.0 188
216.5460 1256.0 188
217.3590 1275.0 188
217.9028 1293.0 188
218.5730 1308.0 188
219.2487 1328.0 188
219.9353 1349.0 188
220.6055 1363.0 188
221.2811 1385.0 188
221.8250 1407.0 188
222.6379 1425.0 188
223.1873 1453.0 188
223.8574 1477.0 188
224.5276 1494.0 188
225.1978 1522.0 188
225.8734 1552.0 188
226.5436 1576.0 188
227.2137 1607.0 188
227.7795 1639.0 188
228.5760 1671.0 188
229.1199 1701.0 188
229.7955 1730.0 188
230.4657 1771.0 188
231.1359 1810.0 188
231.8115 1855.0 188
232.4817 1889.0 188
233.0420 1936.0 188
233.7177 1999.0 188
234.3878 2042.0 188
235.0580 2099.0 188
235.7336 2139.0 188
236.4038 2196.0 188
237.0740 2257.0 188
237.7496 2328.0 188
241.6718 2836.0 188
242.2156 2962.0 188
242.8857 3088.0 188
243.5779 3219.0 188
244.2480 3342.0 188
244.9182 3506.0 188
245.5884 3650.0 188
246.1377 3850.0 188
246.8079 4011.0 188
247.4835 4027.0 188
248.1537 4017.0 188
248.8403 4002.0 188
249.5105 3987.0 188
250.1862 4007.0 188
250.8563 4005.0 188
251.5265 4007.0 188
252.2021 4001.0 188
252.8723 3996.0 188
253.5425 3999.0 188
254.2291 3983.0 188
254.9048 3968.0 188
255.7013 3943.0 188
256.3715 3943.0 188
257.0416 3943.0 188
257.5909 3931.0 188
258.3875 3925.0 188
258.9368 3937.0 188
259.7498 3943.0 188
260.2936 3950.0 188
260.9637 3963.0 188
261.6394 3946.0 188
262.3096 3952.0 188
262.9797 3955.0 188
263.6554 3959.0 188
264.3256 3966.0 188
265.0122 3974.0 188
265.6714 3996.0 188
266.3416 4011.0 188
267.0117 3990.0 188
267.6874 4022.0 188
268.3575 4008.0 188
269.0112 4025.0 188
269.6869 4013.0 188
270.3571 4044.0 188
271.0272 4044.0 188
271.7029 4076.0 188
272.3566 4078.0 188
273.0267 4098.0 188
273.7024 4100.0 188
277.0422 4172.0 188
277.7179 4171.0 188
278.3881 4177.0 188
279.0582 4214.0 188
279.7174 4236.0 188
280.3876 4258.0 188
281.0577 4108.0 188
281.7334 3977.0 188
282.4036 3886.0 188
283.1836 3774.0 188
283.8593 3687.0 188
284.5294 3601.0 188
285.1996 3502.0 188
285.8698 3440.0 188
286.5454 3374.0 188
287.1991 3390.0 188
287.8748 3416.0 188
288.5449 3444.0 188
289.2151 3468.0 188
289.8743 3473.0 188
290.5444 3514.0 188
291.2146 3537.0 188
291.8903 3556.0 188
292.5439 3588.0 188
293.2141 3628.0 188
293.8898 3660.0 188
294.5599 3672.0 188
295.2136 3705.0 188
295.8893 3749.0 188
296.4331 3777.0 188
297.2296 3809.0 188
297.7625 3850.0 188
298.5590 3871.0 188
299.2291 3912.0 188
299.7784 3938.0 188
300.4321 3986.0 188
301.1078 4048.0 188
301.7780 4093.0 188
302.4481 4133.0 188
303.1073 4177.0 188
303.7775 4236.0 188
304.4531 4296.0 188
305.1233 4338.0 188
305.7770 4401.0 188
306.4526 4463.0 188
307.1228 4511.0 188
307.7930 4577.0 188
308.4521 4610.0 188
309.1223 4696.0 188
309.7925 4750.0 188
310.4681 4845.0 188
317.1533 5631.0 188
317.7026 5803.0 188
318.3728 5943.0 188
321.7181 7722.0 188
322.3883 7678.0 188
323.0585 7705.0 188
323.7341 7651.0 188
324.4043 7624.0 188
325.0580 7586.0 188
325.7336 7640.0 188
326.4038 7711.0 188
327.8265 1683.0 188
328.3704 1674.0 188
329.0460 1674.0 188
329.8425 1662.0 188
330.4962 1656.0 188
331.1719 1654.0 188
331.8420 1652.0 188
332.3749 1635.0 188
333.0450 1640.0 188
333.8416 1630.0 188
334.5117 1626.0 188
335.1709 1625.0 188
335.8411 1623.0 188
336.5112 1607.0 188
337.1704 1610.0 188
337.7142 1605.0 188
338.5107 1603.0 188
339.1864 1597.0 188
339.8401 1591.0 188
340.5103 1594.0 188
341.1859 1584.0 188
341.8396 1584.0 188
342.5153 1583.0 188
343.1854 1576.0 188
343.8556 1577.0 188
344.5148 1575.0 188
345.1849 1576.0 188
345.8551 1578.0 188
346.5143 1568.0 188
347.1844 1579.0 188
357.6544 149.0 188
358.3246 149.0 188
