#RPLIDAR SCAN DATA
#COUNT=385
#Angule	Distance	Quality
356.2811 1337.0 188
356.9513 1341.0 188
357.6215 1347.0 188
358.2916 1358.0 188
358.9838 1354.0 188
359.6539 1356.0 188
0.3241 1349.0 188
0.9998 1340.0 188
8.9374 1483.0 188
9.6075 1477.0 188
10.3876 1470.0 188
10.9369 1474.0 188
11.7334 1478.0 188
12.2772 1485.0 188
13.0737 1497.0 188
13.6230 1509.0 188
14.2932 1515.0 188
14.9634 1530.0 188
15.6390 1541.0 188
16.3092 1551.0 188
16.9794 1561.0 188
17.6385 1569.0 188
18.3087 1595.0 188
18.9844 1599.0 188
19.5282 1619.0 188
20.3247 1628.0 188
20.8740 1642.0 188
21.5442 1659.0 188
22.2144 1674.0 188
22.8900 1689.0 188
23.6865 1706.0 188
24.2303 1718.0 188
24.9060 1742.0 188
25.5762 1755.0 188
26.2463 1779.0 188
26.9165 1793.0 188
27.5922 1817.0 188
28.2788 1830.0 188
28.9490 1856.0 188
29.6246 1870.0 188
30.2948 1890.0 188
30.8386 1919.0 188
31.5308 1947.0 188
32.2009 1971.0 188
32.8711 1997.0 188
33.5468 2032.0 188
34.2169 2047.0 188
34.9036 2077.0 188
35.5737 2104.0 188
36.2494 2136.0 188
36.9196 2173.0 188
37.5897 2196.0 188
38.2654 2241.0 188
38.9520 2275.0 188
39.4958 2326.0 188
40.1715 2368.0 188
40.8417 2409.0 188
41.5118 2443.0 188
42.1985 2477.0 188
42.8741 2522.0 188
43.5443 2584.0 188
44.2145 2631.0 188
44.8901 2681.0 188
45.5768 2742.0 188
46.2469 2799.0 188
46.9171 2861.0 188
47.5928 2928.0 188
48.1531 3007.0 188
48.8232 3083.0 188
49.4989 3168.0 188
50.7294 5430.0 188
51.4050 5450.0 188
52.0917 5422.0 188
52.7618 5385.0 188
53.4375 5363.0 188
54.1241 5350.0 188
54.7943 5334.0 188
55.4645 5311.0 188
56.1511 5298.0 188
56.8268 5274.0 188
57.4969 5267.0 188
58.1671 5264.0 188
58.8593 5239.0 188
59.5294 5300.0 188
88.5278 4290.0 188
101.9531 488.0 188
102.6233 473.0 188
103.5461 467.0 188
104.2163 464.0 188
104.7656 459.0 188
105.4358 453.0 188
106.2488 448.0 188
107.0453 445.0 188
107.5891 442.0 188
108.2648 440.0 188
109.0613 438.0 188
109.6216 436.0 188
110.2917 435.0 188
111.2146 433.0 188
111.7639 432.0 188
112.3077 431.0 188
113.2471 429.0 188
113.7964 429.0 188
114.4666 428.0 188
115.1367 427.0 188
116.0596 427.0 188
116.6089 430.0 188
117.1527 432.0 188
117.9492 433.0 188
118.4985 436.0 188
119.4214 437.0 188
120.0916 439.0 188
120.3882 441.0 188
121.1847 443.0 188
121.8549 446.0 188
122.6514 446.0 188
123.2007 448.0 188
123.8708 451.0 188
124.4202 455.0 188
125.0903 460.0 188
125.6396 464.0 188
126.1835 468.0 188
126.9800 472.0 188
127.6556 478.0 188
128.3258 484.0 188
133.9948 164.0 188
134.6704 161.0 188
135.3406 161.0 188
136.0107 161.0 188
136.6864 161.0 188
137.3566 162.0 188
138.0267 162.0 188
138.7024 163.0 188
139.3726 165.0 188
140.0262 167.0 188
142.0422 168.0 188
142.7179 167.0 188
143.3881 168.0 188
144.0582 168.0 188
144.7339 168.0 188
145.4041 169.0 188
146.0742 170.0 188
146.4972 172.0 188
148.5132 174.0 188
149.1833 173.0 188
149.8590 174.0 188
150.5292 175.0 188
151.1993 175.0 188
151.8750 176.0 188
152.5452 178.0 188
153.2153 180.0 188
155.9015 200.0 188
155.8246 204.0 188
163.9984 188.0 188
164.6851 188.0 188
165.3717 188.0 188
166.0419 189.0 188
166.7340 190.0 188
167.4042 191.0 188
168.0908 193.0 188
168.7775 196.0 188
162.9492 1126.0 188
163.5150 1127.0 188
164.1852 1121.0 188
164.8718 1125.0 188
165.6848 1124.0 188
166.3550 1125.0 188
167.0416 1124.0 188
167.7173 1104.0 188
172.3700 1175.0 188
173.0457 1151.0 188
173.8586 1143.0 188
174.5288 1147.0 188
175.2155 1148.0 188
175.7813 1150.0 188
176.4349 1155.0 188
177.1051 1157.0 188
177.7808 1163.0 188
178.5773 1166.0 188
179.2474 1170.0 188
179.7968 1172.0 188
180.4669 1171.0 188
181.1371 1173.0 188
181.8073 1176.0 188
182.4829 1179.0 188
183.1531 1183.0 188
183.8232 1184.0 188
184.4989 1194.0 188
185.1691 1199.0 188
185.8392 1204.0 188
186.5149 1210.0 188
187.1686 1215.0 188
187.8387 1223.0 188
188.5144 1226.0 188
189.1846 1233.0 188
189.8547 1243.0 188
190.5304 1246.0 188
191.0742 1253.0 188
191.8707 1264.0 188
192.5464 1275.0 188
193.0902 1282.0 188
193.8867 1288.0 188
194.5624 1298.0 188
195.1062 1314.0 188
205.2136 190.0 188
205.9058 191.0 188
202.5439 1438.0 188
203.1042 1446.0 188
203.9063 1458.0 188
204.4666 1473.0 188
205.1367 1481.0 188
205.8234 1472.0 188
213.1677 1733.0 188
213.8434 1740.0 188
214.5300 1769.0 188
215.2002 1792.0 188
215.8868 1813.0 188
216.5625 1845.0 188
217.2491 1868.0 188
217.9193 1900.0 188
218.4796 1921.0 188
219.2761 1961.0 188
219.8254 1999.0 188
220.4956 2033.0 188
221.1823 2065.0 188
221.8579 2103.0 188
222.5281 2142.0 188
223.1982 2190.0 188
223.8904 2225.0 188
224.4342 2261.0 188
225.1044 2309.0 188
225.7965 2364.0 188
226.4667 2413.0 188
227.1368 2464.0 188
227.8125 2557.0 188
228.4991 2618.0 188
229.1693 2684.0 188
229.8395 2741.0 188
230.5261 2826.0 188
231.0754 2910.0 188
231.7456 2976.0 188
232.4213 3072.0 188
233.1079 3178.0 188
233.7781 3268.0 188
234.4482 3349.0 188
235.1404 3478.0 188
235.8105 3614.0 188
236.4807 3612.0 188
237.1509 3588.0 188
237.8430 3588.0 188
238.5132 3586.0 188
239.1833 3551.0 188
239.8700 3571.0 188
240.5457 3531.0 188
241.2158 3536.0 188
241.9025 3533.0 188
242.5781 3525.0 188
243.2483 3517.0 188
243.9349 3496.0 188
244.6051 3487.0 188
245.2808 3487.0 188
245.9674 3492.0 188
246.6376 3475.0 188
247.3077 3476.0 188
247.9999 3470.0 188
248.6700 3449.0 188
249.3402 3451.0 188
250.0269 3454.0 188
250.7025 3459.0 188
251.3727 3441.0 188
252.0593 3435.0 188
252.7295 3397.0 188
253.4052 3314.0 188
254.0918 3394.0 188
254.7620 3450.0 188
255.4321 3452.0 188
256.1243 3442.0 188
256.7944 3465.0 188
257.4646 3456.0 188
258.1512 3456.0 188
258.8269 3465.0 188
259.4971 3465.0 188
260.1837 3459.0 188
260.8594 3475.0 188
261.5460 3482.0 188
262.1997 3488.0 188
262.8699 3492.0 188
263.5455 3492.0 188
264.2157 3496.0 188
264.8859 3513.0 188
265.5615 3522.0 188
266.2317 3524.0 188
266.9019 3533.0 188
267.5775 3532.0 188
268.2477 3553.0 188
268.9178 3564.0 188
269.5935 3571.0 188
270.2637 3615.0 188
270.9338 3617.0 188
271.6040 3642.0 188
272.2797 3630.0 188
272.9333 3639.0 188
273.6090 3654.0 188
274.2792 3650.0 188
274.9493 3539.0 188
275.6250 3450.0 188
276.2952 3363.0 188
276.9653 3271.0 188
277.6355 3179.0 188
278.3112 3090.0 188
278.9813 3012.0 188
279.6515 2923.0 188
280.3271 2880.0 188
281.1237 2819.0 188
281.7938 2838.0 188
282.3431 2852.0 188
283.0133 2864.0 188
283.8098 2875.0 188
284.3591 2900.0 188
285.1556 2906.0 188
285.6995 2936.0 188
286.3696 2968.0 188
287.0453 2993.0 188
287.7155 3017.0 188
288.3856 3035.0 188
289.0613 3068.0 188
289.7314 3086.0 188
290.4016 3104.0 188
291.0773 3123.0 188
291.7474 3159.0 188
292.4176 3195.0 188
293.0933 3215.0 188
293.7799 3251.0 188
294.4501 3286.0 188
295.1202 3323.0 188
295.7959 3352.0 188
296.4661 3387.0 188
297.1362 3422.0 188
297.8119 3459.0 188
298.4821 3493.0 188
299.1522 3540.0 188
299.8279 3579.0 188
300.4980 3644.0 188
301.1682 3689.0 188
301.8384 3735.0 188
302.5140 3779.0 188
303.1842 3829.0 188
303.7335 3891.0 188
304.4202 3940.0 188
305.0903 3986.0 188
305.7605 4056.0 188
306.4362 4116.0 188
307.1063 4199.0 188
307.7930 4244.0 188
308.4686 4332.0 188
309.1388 4406.0 188
315.2142 5226.0 188
315.8899 5342.0 188
316.5601 5436.0 188
319.1364 7265.0 188
319.8230 7275.0 188
320.4987 7270.0 188
321.1688 7236.0 188
321.8390 7169.0 188
322.5146 7117.0 188
323.2013 7169.0 188
323.8715 7289.0 188
325.2173 7750.0 188
326.5741 8394.0 188
338.9063 1311.0 188
339.5764 1305.0 188
340.3729 1308.0 188
341.0431 1307.0 188
341.5924 1309.0 188
342.2626 1302.0 188
342.9492 1300.0 188
343.6249 1302.0 188
344.4214 1305.0 188
345.0916 1303.0 188
345.6354 1305.0 188
346.3110 1305.0 188
346.9812 1309.0 188
347.6514 1338.0 188
357.3578 148.0 188
358.0280 150.0 188
