#RPLIDAR SCAN DATA
#COUNT=391
#Angule	Distance	Quality
0.4834 5720.0 188
11.5576 5430.0 188
12.2168 5611.0 188
12.8705 5652.0 188
13.4033 5748.0 188
14.6997 6056.0 188
37.9523 4727.0 188
38.6060 4710.0 188
39.2651 4717.0 188
39.9188 4721.0 188
40.5780 4710.0 188
41.2482 4782.0 188
41.9019 4819.0 188
42.5610 4823.0 188
43.2147 4841.0 188
43.8739 4850.0 188
44.5441 4863.0 188
45.1978 4848.0 188
45.8569 4839.0 188
46.5106 4876.0 188
47.1698 4910.0 188
47.8400 4917.0 188
48.4991 4912.0 188
49.1528 4928.0 188
49.8120 4928.0 188
50.4657 4933.0 188
51.1249 4963.0 188
52.4487 4793.0 188
53.1079 4806.0 188
54.6680 2506.0 188
55.3436 2510.0 188
55.9973 2523.0 188
56.6510 2545.0 188
57.3102 2559.0 188
57.9639 2568.0 188
58.6395 2583.0 188
59.2932 2595.0 188
62.8418 1760.0 188
63.4955 1723.0 188
64.1547 1669.0 188
65.7147 1420.0 188
66.3904 1413.0 188
66.9177 1424.0 188
67.6978 1433.0 188
68.2306 1442.0 188
69.0106 1449.0 188
69.5599 1464.0 188
70.2136 1469.0 188
70.8728 1477.0 188
71.5265 1486.0 188
75.4816 1552.0 188
76.1353 1556.0 188
76.8109 1568.0 188
80.7605 1547.0 188
81.4197 1518.0 188
82.0734 1498.0 188
82.7325 1474.0 188
83.5126 1461.0 188
86.9348 399.0 188
87.3413 387.0 188
88.1213 380.0 188
88.7805 376.0 188
89.4342 372.0 188
90.4834 368.0 188
91.2634 364.0 188
91.6699 360.0 188
92.5763 357.0 188
93.2300 355.0 188
93.7793 353.0 188
94.3121 352.0 188
95.0922 351.0 188
96.1249 350.0 188
96.9049 349.0 188
97.5586 348.0 188
97.9816 347.0 188
98.8879 347.0 188
99.0417 346.0 188
100.2008 346.0 188
100.4810 345.0 188
101.0303 345.0 188
101.9366 344.0 188
102.5903 344.0 188
103.4967 344.0 188
103.6560 343.0 188
104.8260 344.0 188
105.2325 345.0 188
106.0126 347.0 188
106.1719 349.0 188
107.3254 351.0 188
107.7319 353.0 188
108.2648 355.0 188
108.9185 358.0 188
109.8248 360.0 188
110.3577 362.0 188
110.8905 365.0 188
111.7969 367.0 188
112.0770 369.0 188
112.7307 370.0 188
113.5107 370.0 188
113.9172 372.0 188
114.7028 375.0 188
115.4828 380.0 188
115.7629 384.0 188
116.6693 389.0 188
116.9495 393.0 188
117.8558 395.0 188
118.2623 400.0 188
119.1687 404.0 188
119.5752 409.0 188
119.9817 415.0 188
120.8881 421.0 188
121.4209 427.0 188
122.0746 433.0 188
122.7338 439.0 188
123.3875 447.0 188
123.6676 458.0 188
124.2004 474.0 188
126.9525 3666.0 188
127.6062 3774.0 188
135.8899 167.0 188
136.5601 165.0 188
137.2137 165.0 188
137.8729 164.0 188
138.5266 165.0 188
139.1858 166.0 188
139.8395 168.0 188
140.4987 167.0 188
141.1523 169.0 188
141.5588 173.0 188
142.4652 171.0 188
143.1244 171.0 188
143.7946 171.0 188
144.4482 171.0 188
145.1074 172.0 188
145.5139 173.0 188
146.1676 174.0 188
148.1396 177.0 188
148.7933 178.0 188
149.4525 178.0 188
150.1227 179.0 188
150.7764 179.0 188
151.4355 181.0 188
152.0892 183.0 188
154.0778 197.0 188
154.7314 201.0 188
163.9490 192.0 188
164.6246 191.0 188
165.2783 191.0 188
165.9375 191.0 188
166.5912 192.0 188
167.2449 194.0 188
167.9205 195.0 188
168.5742 197.0 188
161.8561 2913.0 188
162.6361 2943.0 188
163.1689 2894.0 188
163.9655 2833.0 188
164.6246 2783.0 188
165.2783 2748.0 188
165.9375 2699.0 188
166.5912 2641.0 188
167.2449 2571.0 188
167.9041 2473.0 188
172.6227 2369.0 188
173.1555 2301.0 188
173.9355 2253.0 188
174.5892 2235.0 188
175.2484 2198.0 188
175.9021 2177.0 188
176.5613 2151.0 188
177.2150 2123.0 188
177.8741 2102.0 188
178.5278 2073.0 188
179.1870 2061.0 188
179.8407 2046.0 188
180.4999 2016.0 188
181.1536 2000.0 188
181.8073 1982.0 188
182.4664 1963.0 188
183.2465 1942.0 188
183.7793 1939.0 188
184.4330 1907.0 188
185.2295 1883.0 188
185.8887 1870.0 188
186.5424 1861.0 188
187.2015 1846.0 188
187.8717 1835.0 188
188.5309 1820.0 188
189.1846 1810.0 188
189.8438 1790.0 188
190.5139 1778.0 188
191.1676 1769.0 188
191.8268 1752.0 188
192.4805 1746.0 188
193.1561 1737.0 188
193.8098 1722.0 188
194.4635 1709.0 188
195.1227 1720.0 188
205.4333 190.0 188
206.0925 191.0 188
202.5110 1609.0 188
203.1702 1610.0 188
203.8403 1597.0 188
204.4995 1591.0 188
205.1532 1585.0 188
205.8124 1564.0 188
212.4207 1585.0 188
213.0743 1552.0 188
213.7335 1539.0 188
214.4037 1540.0 188
215.0574 1535.0 188
215.7166 1543.0 188
216.3702 1525.0 188
217.0459 1532.0 188
217.6996 1525.0 188
218.3588 1527.0 188
219.0125 1525.0 188
219.6826 1524.0 188
220.3418 1527.0 188
220.9955 1524.0 188
221.6547 1529.0 188
222.3248 1524.0 188
222.9840 1528.0 188
223.6377 1524.0 188
224.2969 1523.0 188
224.9670 1525.0 188
225.6207 1527.0 188
226.2799 1529.0 188
226.9336 1532.0 188
227.6093 1532.0 188
228.2629 1535.0 188
228.9166 1536.0 188
229.5758 1537.0 188
230.2460 1543.0 188
230.9052 1552.0 188
231.5588 1550.0 188
232.2180 1549.0 188
232.8882 1550.0 188
233.5419 1557.0 188
234.2010 1567.0 188
237.4200 9379.0 188
238.0737 9322.0 188
240.0623 8741.0 188
240.7159 8699.0 188
241.3696 8678.0 188
242.0288 8664.0 188
242.6990 8727.0 188
243.3582 8776.0 188
244.0118 8812.0 188
244.6710 8870.0 188
245.3412 8856.0 188
245.9949 8959.0 188
250.0928 5751.0 188
250.7465 5660.0 188
251.4166 5593.0 188
252.0758 5425.0 188
252.7295 5345.0 188
253.4052 5280.0 188
254.0588 5224.0 188
254.7290 5110.0 188
255.3882 5051.0 188
256.0419 4960.0 188
256.7175 4837.0 188
257.3712 4742.0 188
258.0469 4671.0 188
258.7006 4583.0 188
259.3542 4518.0 188
260.0299 4447.0 188
260.6836 4393.0 188
261.3593 4311.0 188
262.0129 4251.0 188
262.6666 4200.0 188
263.3423 4163.0 188
263.9960 4089.0 188
264.6716 4037.0 188
265.3253 4004.0 188
265.9790 3962.0 188
266.7810 3956.0 188
267.3083 3980.0 188
267.9840 4042.0 188
268.6377 4073.0 188
269.3079 4129.0 188
269.9506 4176.0 188
270.6042 4236.0 188
271.2634 4296.0 188
271.9061 4377.0 188
272.5598 4424.0 188
273.2135 4478.0 188
273.8562 4549.0 188
274.5154 4626.0 188
275.1691 4667.0 188
275.8118 4746.0 188
276.4655 4729.0 188
277.1246 4696.0 188
277.7618 4688.0 188
281.0303 4471.0 188
281.6840 4456.0 188
282.3267 4448.0 188
282.9803 4426.0 188
284.9359 4297.0 188
285.5896 4280.0 188
286.2323 4270.0 188
286.8860 4232.0 188
287.5452 4220.0 188
288.1824 4190.0 188
288.8416 4186.0 188
289.4952 4187.0 188
291.4673 4097.0 188
292.1210 4095.0 188
292.7966 4067.0 188
293.4503 4050.0 188
294.1040 4045.0 188
294.7632 4025.0 188
295.4333 4021.0 188
296.0925 4016.0 188
296.9989 2841.0 188
297.6691 2828.0 188
298.3228 2821.0 188
298.9819 2811.0 188
299.6356 2806.0 188
300.3113 2796.0 188
300.9650 2799.0 188
301.6241 2782.0 188
302.2943 2785.0 188
302.9480 2772.0 188
303.6072 2780.0 188
304.2609 2773.0 188
304.9365 2772.0 188
305.5902 2760.0 188
306.2494 2754.0 188
306.9196 2751.0 188
307.5732 2763.0 188
308.2324 2757.0 188
308.8861 2761.0 188
309.5618 2735.0 188
310.2155 2737.0 188
310.8746 2725.0 188
311.5448 2731.0 188
312.1985 2722.0 188
312.8577 2715.0 188
313.5114 2725.0 188
314.1705 2733.0 188
314.8242 2718.0 188
315.4834 2717.0 188
316.1371 2719.0 188
316.7963 2725.0 188
317.4500 2719.0 188
318.1091 2730.0 188
318.7628 2733.0 188
319.4165 2745.0 188
320.0757 2737.0 188
320.7294 2745.0 188
321.3885 2745.0 188
322.0422 2762.0 188
322.7014 2759.0 188
323.3551 2762.0 188
324.0143 2772.0 188
324.6680 2772.0 188
325.3271 2772.0 188
325.9808 2792.0 188
326.6400 2806.0 188
327.2937 2813.0 188
327.9529 2827.0 188
328.6066 2855.0 188
329.1394 2862.0 188
329.7931 2864.0 188
330.5731 2875.0 188
331.1060 2888.0 188
331.8860 2896.0 188
332.5452 2902.0 188
333.1989 2916.0 188
333.7317 2940.0 188
334.3854 2953.0 188
335.0446 2960.0 188
335.6982 2975.0 188
336.3574 2983.0 188
337.0111 3008.0 188
337.6703 3024.0 188
338.3240 3049.0 188
338.9832 3064.0 188
339.6368 3078.0 188
340.2960 3091.0 188
340.9497 3107.0 188
341.6089 3131.0 188
342.2626 3158.0 188
342.9218 3182.0 188
343.5754 3223.0 188
344.2291 3247.0 188
344.8883 3270.0 188
345.5420 3292.0 188
346.2012 3321.0 188
