#RPLIDAR SCAN DATA
#COUNT=380
#Angule	Distance	Quality
356.1823 1330.0 188
356.8579 1341.0 188
357.5281 1351.0 188
358.1982 1362.0 188
358.8739 1371.0 188
359.5441 1380.0 188
0.2142 1382.0 188
0.8899 1372.0 188
9.4977 1632.0 188
10.1678 1623.0 188
10.7172 1640.0 188
11.5137 1649.0 188
12.0575 1676.0 188
12.7332 1691.0 188
13.4033 1720.0 188
14.0735 1741.0 188
14.7491 1761.0 188
15.4193 1787.0 188
16.1060 1816.0 188
16.7761 1827.0 188
17.4518 1863.0 188
18.1384 1886.0 188
18.6823 1917.0 188
19.3744 1956.0 188
20.0446 1992.0 188
20.7147 2017.0 188
21.4014 2053.0 188
22.0770 2081.0 188
22.7472 2122.0 188
23.4338 2163.0 188
24.1040 2204.0 188
24.7961 2243.0 188
25.4663 2284.0 188
26.1365 2337.0 188
26.7023 2392.0 188
27.3724 2441.0 188
28.0426 2484.0 188
28.7292 2559.0 188
29.4049 2619.0 188
30.0916 2686.0 188
30.7617 2747.0 188
31.4374 2821.0 188
32.1240 2907.0 188
32.6678 3000.0 188
33.3435 3071.0 188
34.0302 3183.0 188
34.7003 3267.0 188
35.3870 3353.0 188
36.0571 3482.0 188
36.6064 5625.0 188
37.2766 5634.0 188
37.9688 5611.0 188
38.6389 5616.0 188
39.3091 5584.0 188
39.9957 5564.0 188
40.6714 5567.0 188
41.3416 5530.0 188
42.0282 5525.0 188
42.6984 5516.0 188
62.1716 10564.0 188
62.8418 10574.0 188
68.2306 10700.0 188
76.5417 3545.0 188
83.4357 2677.0 188
84.1223 2643.0 188
84.7925 2574.0 188
85.4791 2525.0 188
86.1548 2473.0 188
86.8250 2422.0 188
87.5116 2381.0 188
88.3081 2339.0 188
88.9948 2294.0 188
89.5441 2257.0 188
90.3406 2227.0 188
91.0272 2188.0 188
91.7029 2147.0 188
92.3895 2128.0 188
93.0597 2088.0 188
93.7299 2055.0 188
94.4165 2032.0 188
95.0922 1999.0 188
95.7788 1973.0 188
96.4490 1942.0 188
97.1246 1922.0 188
97.9321 1888.0 188
98.6078 1875.0 188
102.8430 381.0 188
103.6560 372.0 188
104.4525 367.0 188
105.2490 362.0 188
105.7928 358.0 188
106.8420 353.0 188
107.7649 350.0 188
108.1824 348.0 188
108.8580 347.0 188
109.5282 346.0 188
109.9512 345.0 188
110.9949 344.0 188
111.6705 343.0 188
112.4670 342.0 188
112.8900 341.0 188
113.9337 340.0 188
114.4830 339.0 188
114.7797 339.0 188
115.8234 338.0 188
116.4990 337.0 188
116.9165 337.0 188
117.8394 337.0 188
118.6359 336.0 188
118.8116 336.0 188
119.7290 337.0 188
120.4047 339.0 188
121.0748 340.0 188
121.7450 341.0 188
122.4207 343.0 188
123.2172 344.0 188
123.3875 346.0 188
124.4366 347.0 188
124.8541 349.0 188
125.5298 352.0 188
126.2000 353.0 188
126.8701 356.0 188
127.6831 358.0 188
128.1061 360.0 188
128.6719 362.0 188
129.3420 358.0 188
134.1541 157.0 188
134.8242 156.0 188
135.4999 156.0 188
136.1865 155.0 188
136.8567 156.0 188
137.5433 156.0 188
138.2135 157.0 188
138.9056 157.0 188
139.5758 159.0 188
140.2625 160.0 188
142.2949 165.0 188
142.9651 165.0 188
143.6517 165.0 188
144.3274 165.0 188
145.0140 165.0 188
145.6842 166.0 188
146.3544 168.0 188
147.0465 170.0 188
148.8263 174.0 188
149.5129 173.0 188
150.1831 173.0 188
150.8698 173.0 188
151.5454 174.0 188
152.2156 175.0 188
152.8857 176.0 188
156.2640 201.0 188
156.9342 205.0 188
159.6368 243.0 188
158.1866 247.0 188
163.6688 189.0 188
164.3555 188.0 188
165.0311 188.0 188
165.7013 189.0 188
166.3715 190.0 188
167.0416 191.0 188
167.7173 193.0 188
168.4039 195.0 188
169.0741 198.0 188
162.9987 1356.0 188
163.6688 1357.0 188
164.3390 1369.0 188
165.0146 1369.0 188
165.7013 1380.0 188
166.3715 1384.0 188
167.0416 1380.0 188
167.7173 1363.0 188
172.9962 1480.0 188
173.6829 1473.0 188
174.3585 1475.0 188
175.0287 1484.0 188
175.6989 1497.0 188
176.3855 1505.0 188
177.0612 1521.0 188
177.7313 1528.0 188
178.4015 1538.0 188
179.0936 1554.0 188
179.7638 1566.0 188
180.4340 1579.0 188
181.1041 1592.0 188
181.6699 1605.0 188
182.4664 1627.0 188
183.0103 1635.0 188
183.8123 1651.0 188
184.4989 1671.0 188
185.0427 1685.0 188
185.7184 1699.0 188
186.3885 1716.0 188
187.0752 1735.0 188
187.7454 1748.0 188
188.4210 1770.0 188
189.0912 1793.0 188
189.7778 1813.0 188
190.4480 1829.0 188
191.1237 1851.0 188
191.8103 1871.0 188
192.3541 1899.0 188
193.1561 1917.0 188
193.8428 1948.0 188
194.3866 1973.0 188
205.5762 191.0 188
206.2463 194.0 188
202.3901 2397.0 188
203.0603 2424.0 188
203.7305 2482.0 188
204.4171 2533.0 188
205.0928 2584.0 188
205.7629 2609.0 188
213.0743 3388.0 188
213.7610 3333.0 188
214.4366 3319.0 188
215.1068 3306.0 188
215.7935 3301.0 188
216.4636 3294.0 188
217.1393 3273.0 188
217.8094 3257.0 188
218.4961 3240.0 188
219.1718 3244.0 188
219.8419 3239.0 188
220.5286 3215.0 188
221.1987 3204.0 188
221.8744 3211.0 188
222.5446 3183.0 188
223.2312 3176.0 188
223.9014 3175.0 188
224.5770 3168.0 188
225.2637 3170.0 188
225.9338 3168.0 188
226.6040 3144.0 188
227.2797 3154.0 188
227.9663 3138.0 188
228.6365 3125.0 188
229.3121 3118.0 188
229.9988 3101.0 188
230.6689 3116.0 188
231.3391 3109.0 188
232.0148 3095.0 188
232.7014 3097.0 188
233.3716 3107.0 188
234.0417 3090.0 188
234.7339 3095.0 188
235.4041 3090.0 188
236.0742 3111.0 188
236.7609 3090.0 188
237.4365 3094.0 188
238.1067 3104.0 188
238.7933 3110.0 188
239.4635 3105.0 188
240.1392 3128.0 188
240.8258 3107.0 188
241.4960 3131.0 188
242.1716 3134.0 188
242.8418 3133.0 188
243.5284 3154.0 188
244.1986 3156.0 188
244.8743 3159.0 188
245.5609 3168.0 188
246.2311 3178.0 188
246.9012 3203.0 188
247.5934 3199.0 188
248.2635 3210.0 188
248.9337 3213.0 188
249.6204 3221.0 188
250.2960 3226.0 188
250.9662 3212.0 188
251.6528 3230.0 188
252.3230 3241.0 188
252.9987 3252.0 188
253.6688 3263.0 188
254.3555 3287.0 188
255.0311 3243.0 188
255.7013 3165.0 188
256.3715 3063.0 188
257.0581 2976.0 188
257.8546 2901.0 188
258.5303 2816.0 188
259.2169 2741.0 188
259.8871 2679.0 188
260.5573 2570.0 188
261.2329 2556.0 188
261.9196 2486.0 188
262.5897 2437.0 188
263.2654 2446.0 188
263.9520 2459.0 188
264.6222 2495.0 188
265.2924 2503.0 188
265.9680 2514.0 188
266.6547 2524.0 188
267.3248 2538.0 188
267.9950 2563.0 188
268.6871 2587.0 188
269.3573 2618.0 188
270.0275 2617.0 188
270.7031 2658.0 188
271.3898 2677.0 188
272.0599 2693.0 188
272.7301 2712.0 188
273.4167 2746.0 188
274.0759 2776.0 188
274.7461 2798.0 188
275.4218 2821.0 188
275.9656 2853.0 188
276.7621 2885.0 188
277.2949 2915.0 188
277.9651 2942.0 188
278.6353 2977.0 188
279.3109 3004.0 188
279.9811 3048.0 188
280.6403 3084.0 188
281.3104 3110.0 188
281.9806 3144.0 188
282.6563 3187.0 188
283.3264 3228.0 188
283.9966 3269.0 188
284.6558 3324.0 188
285.3259 3361.0 188
285.9961 3405.0 188
286.6718 3464.0 188
287.3419 3514.0 188
287.9956 3580.0 188
288.6713 3627.0 188
289.3414 3692.0 188
290.0116 3749.0 188
290.5609 3805.0 188
291.3409 3889.0 188
292.0111 3957.0 188
292.5604 4036.0 188
298.6359 5079.0 188
299.3115 4999.0 188
299.9982 5117.0 188
302.0306 5411.0 188
303.2446 6947.0 188
303.9368 6983.0 188
304.6069 6934.0 188
305.2936 6921.0 188
305.9637 6921.0 188
306.6394 6925.0 188
307.3260 7065.0 188
307.9962 7285.0 188
308.6719 7608.0 188
322.1686 7354.0 188
322.8387 7486.0 188
323.5144 7455.0 188
324.1846 7425.0 188
324.8547 7445.0 188
325.5304 7409.0 188
329.9359 2596.0 188
330.7324 2262.0 188
331.4026 2065.0 188
332.1991 1838.0 188
332.8748 1675.0 188
333.6713 1511.0 188
334.4678 1406.0 188
335.1379 1312.0 188
335.9344 1215.0 188
336.6046 1160.0 188
337.2803 1164.0 188
338.0768 1166.0 188
338.7469 1174.0 188
339.2963 1174.0 188
340.0928 1178.0 188
340.6366 1180.0 188
341.3232 1187.0 188
342.1198 1190.0 188
342.6691 1191.0 188
343.3392 1196.0 188
344.0259 1205.0 188
344.7015 1206.0 188
345.3717 1215.0 188
346.0583 1220.0 188
346.7340 1223.0 188
347.4042 1240.0 188
356.9843 153.0 188
357.6709 149.0 188
358.3411 149.0 188
