#RPLIDAR SCAN DATA
#COUNT=380
#Angule	Distance	Quality
356.4349 1282.0 188
357.1051 1293.0 188
357.9016 1306.0 188
358.4509 1317.0 188
359.1211 1323.0 188
359.7968 1335.0 188
0.5933 1332.0 188
1.1371 1327.0 188
9.7614 1574.0 188
10.4370 1578.0 188
11.0907 1591.0 188
11.7609 1610.0 188
12.4365 1630.0 188
13.1067 1649.0 188
13.6395 1674.0 188
14.3097 1691.0 188
14.9799 1717.0 188
15.6390 1748.0 188
16.3092 1768.0 188
16.9794 1796.0 188
17.6550 1824.0 188
18.3087 1846.0 188
18.9844 1873.0 188
19.6545 1907.0 188
20.3082 1946.0 188
20.8575 1985.0 188
21.5277 2013.0 188
22.1979 2051.0 188
22.8571 2085.0 188
23.5272 2126.0 188
24.2029 2160.0 188
24.8566 2206.0 188
25.5267 2249.0 188
26.0760 2301.0 188
26.8726 2360.0 188
27.4054 2407.0 188
28.0756 2460.0 188
28.7457 2515.0 188
29.4214 2597.0 188
30.0916 2655.0 188
30.7782 2727.0 188
31.4484 2807.0 188
32.1405 2891.0 188
32.6843 2986.0 188
33.3710 3064.0 188
34.0466 3169.0 188
34.7333 3260.0 188
35.4034 3353.0 188
36.0901 3479.0 188
36.6394 5660.0 188
37.3260 5669.0 188
37.9962 5687.0 188
38.6829 5622.0 188
39.3585 5637.0 188
40.0452 5622.0 188
40.7153 5622.0 188
41.4020 5605.0 188
42.0776 5570.0 188
42.7643 5587.0 188
43.4344 5738.0 188
61.5454 10637.0 188
62.2156 10585.0 188
70.4059 4725.0 188
82.8589 2764.0 188
83.5291 2720.0 188
84.1992 2672.0 188
84.8859 2617.0 188
85.5615 2553.0 188
86.2482 2509.0 188
86.9183 2473.0 188
87.5885 2418.0 188
88.2806 2382.0 188
89.0771 2329.0 188
89.7638 2303.0 188
90.4340 2260.0 188
91.1041 2234.0 188
91.7963 2193.0 188
92.4664 2172.0 188
93.1531 2132.0 188
93.8232 2106.0 188
94.5154 2072.0 188
95.1855 2040.0 188
95.8557 2026.0 188
99.6515 384.0 188
100.3271 374.0 188
101.1237 368.0 188
101.7938 364.0 188
102.5903 359.0 188
103.2605 355.0 188
104.3097 350.0 188
104.6063 347.0 188
105.6555 345.0 188
105.9521 343.0 188
106.6223 342.0 188
107.5452 341.0 188
108.2153 340.0 188
109.1382 340.0 188
109.5612 339.0 188
110.3577 339.0 188
111.2805 338.0 188
111.9507 338.0 188
112.3737 338.0 188
112.9175 337.0 188
113.7140 337.0 188
114.1370 336.0 188
115.3125 336.0 188
115.4828 336.0 188
116.5265 336.0 188
117.3230 336.0 188
117.7460 336.0 188
118.4216 338.0 188
119.0918 340.0 188
119.5148 342.0 188
120.3113 344.0 188
121.1078 347.0 188
121.7780 349.0 188
122.3273 351.0 188
122.7448 354.0 188
123.2941 357.0 188
124.3433 359.0 188
125.0134 362.0 188
125.6836 364.0 188
125.9802 362.0 188
126.5295 369.0 188
127.5732 367.0 188
127.8699 370.0 188
128.4192 374.0 188
129.4684 380.0 188
129.7650 386.0 188
130.6824 390.0 188
130.9790 395.0 188
131.6547 399.0 188
132.1985 406.0 188
132.8741 412.0 188
138.8397 163.0 188
139.5154 164.0 188
140.1855 164.0 188
140.8557 164.0 188
141.5259 165.0 188
142.2015 166.0 188
142.8717 167.0 188
143.5419 169.0 188
145.3107 172.0 188
145.9808 172.0 188
146.6510 173.0 188
147.3267 172.0 188
147.9968 173.0 188
148.6670 175.0 188
149.3591 176.0 188
151.3696 180.0 188
152.0453 179.0 188
152.7155 180.0 188
153.4021 181.0 188
154.0778 181.0 188
154.7479 182.0 188
155.4181 184.0 188
157.1210 208.0 188
164.9048 193.0 188
166.2177 192.0 188
166.8878 192.0 188
167.5580 192.0 188
168.2336 194.0 188
168.9038 195.0 188
169.5740 197.0 188
170.2496 200.0 188
164.0424 1422.0 188
164.7180 1425.0 188
165.5145 1438.0 188
166.1847 1440.0 188
166.8549 1447.0 188
167.4042 1451.0 188
168.2007 1462.0 188
168.8708 1456.0 188
169.4202 1425.0 188
174.1223 1567.0 188
174.7925 1554.0 188
175.4681 1560.0 188
176.1383 1572.0 188
176.8085 1585.0 188
177.4841 1599.0 188
178.1543 1615.0 188
178.8245 1626.0 188
179.3738 1636.0 188
180.1703 1654.0 188
180.8405 1665.0 188
181.3898 1680.0 188
182.1863 1692.0 188
182.7301 1709.0 188
183.4058 1724.0 188
184.0759 1741.0 188
184.7461 1757.0 188
185.4218 1776.0 188
186.0919 1795.0 188
186.7621 1819.0 188
187.4323 1833.0 188
188.1079 1850.0 188
188.7781 1874.0 188
189.3274 1897.0 188
189.9976 1921.0 188
190.7941 1944.0 188
191.3434 1965.0 188
192.0135 1994.0 188
192.6837 2019.0 188
193.3594 2044.0 188
194.0295 2070.0 188
194.6997 2102.0 188
205.1862 192.0 188
205.8563 192.0 188
201.9836 2529.0 188
202.6538 2565.0 188
203.3240 2613.0 188
204.0106 2659.0 188
204.6863 2708.0 188
205.3729 2747.0 188
206.0431 2767.0 188
212.7008 3313.0 188
213.3710 3255.0 188
214.0576 3222.0 188
214.7333 3217.0 188
215.4199 3210.0 188
216.0901 3212.0 188
216.7603 3204.0 188
217.4524 3175.0 188
218.1226 3164.0 188
218.8092 3134.0 188
219.4794 3135.0 188
220.1550 3134.0 188
220.8417 3118.0 188
221.5118 3125.0 188
222.1985 3103.0 188
222.8741 3085.0 188
223.5608 3091.0 188
224.2310 3088.0 188
224.9011 3078.0 188
225.5768 3064.0 188
226.2469 3047.0 188
226.9171 3049.0 188
227.5928 3058.0 188
228.2794 3033.0 188
228.9496 3024.0 188
229.6198 3042.0 188
230.2954 3027.0 188
230.9656 3032.0 188
231.6357 3043.0 188
232.3279 3045.0 188
232.9980 3045.0 188
233.6682 3039.0 188
234.3384 3021.0 188
235.0140 3024.0 188
235.6842 3047.0 188
236.3544 3049.0 188
237.0465 3040.0 188
237.7167 3025.0 188
238.3868 3043.0 188
239.0625 3030.0 188
239.7327 3043.0 188
240.4028 3044.0 188
241.0895 3045.0 188
241.7651 3052.0 188
242.4353 3063.0 188
243.1055 3059.0 188
243.7811 3069.0 188
244.4513 3084.0 188
245.1379 3087.0 188
245.8081 3093.0 188
246.4838 3099.0 188
247.1704 3107.0 188
247.8406 3116.0 188
248.5272 3125.0 188
249.2029 3125.0 188
249.8895 3133.0 188
250.5597 3167.0 188
251.2463 3171.0 188
251.9165 3173.0 188
252.6086 3186.0 188
253.2788 3196.0 188
253.9655 3154.0 188
254.6356 3050.0 188
255.3278 2971.0 188
255.9979 2889.0 188
256.7944 2803.0 188
257.4811 2723.0 188
258.1512 2662.0 188
258.8434 2579.0 188
259.5135 2512.0 188
260.2002 2450.0 188
260.8704 2394.0 188
261.6833 2338.0 188
262.2327 2355.0 188
262.9193 2374.0 188
263.5895 2380.0 188
264.2761 2389.0 188
264.9518 2410.0 188
265.6384 2435.0 188
266.3086 2442.0 188
266.9952 2460.0 188
267.6544 2483.0 188
268.3246 2509.0 188
268.9948 2520.0 188
269.6704 2535.0 188
270.3241 2559.0 188
270.9998 2586.0 188
271.6699 2602.0 188
272.3401 2648.0 188
272.9993 2662.0 188
273.6694 2682.0 188
274.3396 2701.0 188
275.0153 2728.0 188
275.6689 2762.0 188
276.3391 2792.0 188
277.0148 2819.0 188
277.6849 2848.0 188
278.2178 2882.0 188
278.8879 2914.0 188
279.6844 2946.0 188
280.2338 2989.0 188
280.8875 3022.0 188
281.5576 3055.0 188
282.2333 3091.0 188
282.9034 3122.0 188
283.5571 3182.0 188
284.2328 3218.0 188
284.9030 3265.0 188
285.5731 3307.0 188
286.2323 3359.0 188
286.9025 3403.0 188
287.5781 3457.0 188
288.2483 3508.0 188
288.9185 3587.0 188
289.5886 3640.0 188
290.2643 3714.0 188
290.9344 3767.0 188
291.6046 3833.0 188
292.1539 3901.0 188
292.8241 4005.0 188
298.8721 4937.0 188
299.5422 4997.0 188
300.2179 5098.0 188
303.4479 6881.0 188
304.1235 6903.0 188
304.7937 6903.0 188
305.4639 6838.0 188
306.1395 6807.0 188
306.8097 6961.0 188
307.4799 7135.0 188
308.8257 7684.0 188
322.1851 7409.0 188
322.8552 7435.0 188
323.5309 7399.0 188
324.2010 7359.0 188
324.8547 7359.0 188
325.5304 7379.0 188
329.7931 3070.0 188
330.5896 2774.0 188
331.2653 2482.0 188
332.0618 2262.0 188
332.7319 2082.0 188
333.4021 1949.0 188
334.1986 1800.0 188
334.8743 1684.0 188
335.6708 1572.0 188
336.4673 1480.0 188
337.1375 1400.0 188
337.8076 1323.0 188
338.6041 1251.0 188
339.2963 1196.0 188
340.0928 1143.0 188
340.7629 1140.0 188
341.4331 1133.0 188
342.1088 1141.0 188
342.7789 1148.0 188
343.4491 1152.0 188
344.1248 1156.0 188
344.6686 1158.0 188
345.3387 1165.0 188
346.1353 1169.0 188
346.7010 1176.0 188
347.3712 1192.0 188
357.6050 150.0 188
358.2806 149.0 188
