#RPLIDAR SCAN DATA
#COUNT=380
#Angule	Distance	Quality
355.8856 2810.0 188
356.6821 2665.0 188
357.3578 2569.0 188
358.0444 2475.0 188
358.7146 2368.0 188
359.3903 2281.0 188
0.1868 2199.0 188
0.8569 2127.0 188
9.8547 1502.0 188
10.6512 1461.0 188
11.2006 1428.0 188
11.9971 1396.0 188
12.6837 1366.0 188
13.3594 1338.0 188
14.0295 1318.0 188
14.6997 1289.0 188
15.3699 1268.0 188
16.1719 1247.0 188
16.8420 1240.0 188
17.3859 1251.0 188
18.0780 1267.0 188
18.8745 1272.0 188
19.4183 1286.0 188
20.2148 1300.0 188
20.7642 1308.0 188
21.4343 1325.0 188
22.1045 1334.0 188
22.7802 1349.0 188
23.4668 1365.0 188
24.1370 1379.0 188
24.8071 1400.0 188
25.4828 1409.0 188
26.1530 1426.0 188
26.7023 1441.0 188
27.3724 1459.0 188
28.0426 1473.0 188
28.7292 1495.0 188
29.4049 1513.0 188
30.0751 1529.0 188
30.7452 1553.0 188
31.4209 1579.0 188
32.0911 1594.0 188
32.7612 1616.0 188
33.3105 1643.0 188
33.9972 1668.0 188
34.6674 1702.0 188
35.3430 1719.0 188
36.0132 1746.0 188
36.6833 1776.0 188
37.3590 1800.0 188
38.0292 1830.0 188
38.6993 1865.0 188
39.2651 1888.0 188
39.9353 1937.0 188
40.6055 1969.0 188
41.2811 2007.0 188
41.9513 2048.0 188
42.6215 2093.0 188
43.2916 2131.0 188
43.9673 2176.0 188
44.6539 2232.0 188
45.3241 2271.0 188
45.9998 2339.0 188
46.5436 2406.0 188
47.2137 2465.0 188
47.8894 2540.0 188
48.5596 2593.0 188
49.2297 2656.0 188
49.9219 2728.0 188
50.5920 2803.0 188
51.1359 2893.0 188
51.8115 2996.0 188
52.4817 3087.0 188
53.1519 3217.0 188
53.8275 3306.0 188
54.4977 3450.0 188
55.1843 3568.0 188
55.8545 3683.0 188
56.9641 6023.0 188
57.6398 6039.0 188
58.3264 6016.0 188
58.9966 5993.0 188
59.6832 5996.0 188
60.3589 5970.0 188
61.0455 5970.0 188
100.7446 407.0 188
101.9366 394.0 188
102.4805 388.0 188
103.0298 380.0 188
103.8428 374.0 188
104.5129 369.0 188
105.3259 365.0 188
105.9961 363.0 188
106.6827 361.0 188
107.3584 360.0 188
108.1549 358.0 188
108.8416 357.0 188
109.7644 356.0 188
110.5774 355.0 188
110.8740 354.0 188
111.8079 353.0 188
112.4835 352.0 188
113.2965 351.0 188
113.5931 350.0 188
114.1370 349.0 188
115.2026 349.0 188
115.7465 348.0 188
116.5594 348.0 188
116.8561 348.0 188
117.5427 349.0 188
118.3392 350.0 188
119.3884 352.0 188
119.8279 353.0 188
120.2454 355.0 188
121.1847 356.0 188
121.7340 358.0 188
122.1680 360.0 188
122.9645 362.0 188
123.7775 364.0 188
124.3268 365.0 188
124.8706 367.0 188
125.6671 369.0 188
126.3428 373.0 188
127.0129 368.0 188
127.5623 370.0 188
128.1061 372.0 188
129.0289 377.0 188
129.4519 383.0 188
130.1221 388.0 188
130.7922 391.0 188
135.8405 170.0 188
136.5106 169.0 188
137.1863 169.0 188
137.8564 168.0 188
138.5266 169.0 188
139.2023 169.0 188
139.8724 170.0 188
140.5426 171.0 188
140.9656 173.0 188
142.9816 177.0 188
143.6517 176.0 188
144.3274 177.0 188
144.9976 177.0 188
145.6677 176.0 188
146.3434 178.0 188
147.0135 180.0 188
149.0460 185.0 188
149.7162 184.0 188
150.3864 183.0 188
151.0620 184.0 188
151.7322 184.0 188
152.2760 185.0 188
153.0780 187.0 188
155.1050 200.0 188
155.7806 203.0 188
156.4508 205.0 188
157.1210 207.0 188
157.8076 210.0 188
158.4998 248.0 188
164.5422 191.0 188
165.2179 191.0 188
165.8881 191.0 188
166.5747 191.0 188
166.7450 192.0 188
167.9205 193.0 188
168.5907 195.0 188
169.2609 196.0 188
169.9365 199.0 188
163.8721 1402.0 188
164.4214 1407.0 188
165.2179 1409.0 188
165.7617 1415.0 188
166.5582 1416.0 188
167.2339 1416.0 188
167.9041 1417.0 188
168.5907 1398.0 188
173.9795 1466.0 188
174.6552 1447.0 188
175.3253 1455.0 188
175.8746 1457.0 188
176.5448 1466.0 188
177.3578 1468.0 188
178.0280 1472.0 188
178.5773 1475.0 188
179.2474 1482.0 188
179.9176 1482.0 188
180.5933 1491.0 188
181.2799 1501.0 188
181.9501 1507.0 188
182.6202 1518.0 188
183.2959 1524.0 188
183.9661 1525.0 188
184.6362 1533.0 188
185.3229 1542.0 188
185.9985 1554.0 188
186.6687 1556.0 188
187.3389 1568.0 188
188.0145 1580.0 188
188.7012 1585.0 188
189.3713 1598.0 188
190.0415 1607.0 188
190.7172 1615.0 188
191.3873 1629.0 188
191.9531 1641.0 188
192.7496 1652.0 188
193.2935 1659.0 188
193.9636 1676.0 188
194.6558 1686.0 188
202.7472 1864.0 188
203.4174 1883.0 188
204.1040 1902.0 188
204.7797 1929.0 188
205.3235 1944.0 188
205.9991 1934.0 188
212.7612 2284.0 188
213.4369 2304.0 188
213.9807 2319.0 188
214.6674 2364.0 188
215.3430 2394.0 188
216.0132 2427.0 188
216.6833 2476.0 188
217.3700 2518.0 188
218.0457 2555.0 188
218.7158 2597.0 188
219.3860 2647.0 188
220.0781 2695.0 188
220.7483 2738.0 188
221.4185 2794.0 188
222.0886 2866.0 188
222.7808 2911.0 188
223.3246 2974.0 188
223.9948 2969.0 188
224.6704 2969.0 188
225.3571 2950.0 188
226.1536 2932.0 188
226.7029 2915.0 188
227.3730 2894.0 188
228.1860 2875.0 188
228.8562 2875.0 188
229.5264 2848.0 188
230.2020 2845.0 188
230.8722 2827.0 188
231.5588 2826.0 188
232.2290 2805.0 188
232.9047 2794.0 188
233.5748 2790.0 188
234.2450 2777.0 188
234.9371 2771.0 188
235.6073 2744.0 188
236.2775 2722.0 188
236.9531 2734.0 188
237.6398 2725.0 188
238.3099 2717.0 188
238.9801 2705.0 188
239.6558 2708.0 188
240.3259 2695.0 188
241.0126 2694.0 188
241.6827 2678.0 188
242.3584 2678.0 188
243.0286 2668.0 188
243.7152 2666.0 188
244.3854 2660.0 188
245.0610 2652.0 188
245.7312 2651.0 188
246.4014 2646.0 188
247.0935 2658.0 188
247.7637 2639.0 188
248.4338 2642.0 188
249.1040 2629.0 188
249.7961 2656.0 188
250.4663 2644.0 188
251.1365 2631.0 188
251.8121 2635.0 188
252.4823 2635.0 188
253.1525 2647.0 188
253.8281 2632.0 188
254.4983 2638.0 188
255.1685 2652.0 188
255.8386 2645.0 188
256.5143 2641.0 188
257.2009 2649.0 188
257.8711 2660.0 188
258.5468 2659.0 188
259.2169 2650.0 188
259.8871 2660.0 188
260.5573 2667.0 188
261.2329 2674.0 188
261.9031 2685.0 188
262.5732 2685.0 188
263.2489 2690.0 188
263.9191 2701.0 188
264.6057 2700.0 188
265.2759 2727.0 188
265.9515 2730.0 188
266.6217 2723.0 188
267.2919 2733.0 188
267.9675 2749.0 188
268.6377 2768.0 188
269.3079 2770.0 188
269.9835 2781.0 188
270.6537 2785.0 188
271.3403 2798.0 188
272.0105 2807.0 188
272.6862 2757.0 188
273.3563 2682.0 188
274.0265 2615.0 188
274.7186 2544.0 188
275.3888 2468.0 188
276.0590 2397.0 188
276.8555 2334.0 188
277.5311 2290.0 188
278.2178 2238.0 188
278.8879 2189.0 188
279.5581 2137.0 188
280.2338 2089.0 188
280.9204 2046.0 188
281.5906 2015.0 188
282.3871 1977.0 188
282.9364 1987.0 188
283.6066 2005.0 188
284.2932 2014.0 188
284.9634 2026.0 188
285.6390 2054.0 188
286.3092 2059.0 188
286.9958 2073.0 188
287.6715 2096.0 188
288.3417 2111.0 188
289.0118 2126.0 188
289.6875 2143.0 188
290.3741 2166.0 188
291.0443 2191.0 188
291.7145 2214.0 188
292.3901 2227.0 188
293.0768 2249.0 188
293.7305 2276.0 188
294.4061 2304.0 188
294.9500 2322.0 188
295.6201 2348.0 188
296.2958 2379.0 188
296.9659 2397.0 188
297.6361 2437.0 188
298.3118 2461.0 188
298.9655 2498.0 188
299.6356 2527.0 188
300.3113 2554.0 188
300.9814 2593.0 188
301.6516 2626.0 188
302.3273 2674.0 188
302.9974 2698.0 188
303.6676 2734.0 188
304.3268 2783.0 188
304.9969 2828.0 188
305.5463 2874.0 188
306.2164 2910.0 188
306.8866 2962.0 188
307.5623 3014.0 188
308.2324 3072.0 188
308.9026 3116.0 188
309.5618 3181.0 188
310.2319 3232.0 188
310.9021 3297.0 188
311.5778 3354.0 188
312.2479 3429.0 188
312.9181 3495.0 188
313.5938 3580.0 188
314.2639 3669.0 188
320.2020 4653.0 188
320.8722 4821.0 188
323.5583 5216.0 188
324.1077 6473.0 188
324.7943 6588.0 188
325.4645 6608.0 188
326.1401 6584.0 188
327.4805 7029.0 188
342.2791 7226.0 188
342.9492 7344.0 188
343.6249 7349.0 188
344.2950 7309.0 188
344.9652 7344.0 188
345.6354 7339.0 188
