#RPLIDAR SCAN DATA
#COUNT=386
#Angule	Distance	Quality
355.9680 3495.0 188
10.8875 5350.0 188
11.5466 5334.0 188
12.1838 5287.0 188
12.8430 5251.0 188
13.4967 5236.0 188
14.1559 5272.0 188
14.8096 5311.0 188
15.4688 5414.0 188
16.1224 5593.0 188
16.7761 5654.0 188
18.6218 6039.0 188
41.7645 4727.0 188
42.4182 4702.0 188
43.0774 4717.0 188
43.7311 4692.0 188
44.3903 4717.0 188
45.0439 4736.0 188
45.7031 4839.0 188
46.3568 4841.0 188
47.0105 4861.0 188
47.6697 4841.0 188
48.3234 4826.0 188
48.9825 4859.0 188
49.6362 4912.0 188
50.2954 4922.0 188
50.9491 4915.0 188
51.6083 4947.0 188
52.2620 4935.0 188
52.9211 4944.0 188
53.5748 4942.0 188
54.2340 4972.0 188
54.8877 4960.0 188
56.8542 4839.0 188
57.5134 4729.0 188
60.3699 2550.0 188
61.0291 2532.0 188
61.6827 2574.0 188
62.3419 2582.0 188
62.9956 2605.0 188
63.6548 2602.0 188
64.2920 2618.0 188
64.9512 2626.0 188
65.6049 2630.0 188
66.2640 2646.0 188
66.9177 2656.0 188
67.5769 2680.0 188
69.7797 1786.0 188
70.4333 1752.0 188
71.0925 1714.0 188
75.2618 1493.0 188
75.7947 1497.0 188
76.4484 1511.0 188
77.1075 1507.0 188
81.0297 1603.0 188
81.6833 1618.0 188
82.3425 1628.0 188
82.8699 1641.0 188
86.4020 407.0 188
87.0612 394.0 188
88.0884 386.0 188
88.3740 379.0 188
89.0277 372.0 188
90.0604 366.0 188
90.9668 363.0 188
91.4996 361.0 188
91.7798 359.0 188
92.8125 356.0 188
93.3398 355.0 188
94.3726 353.0 188
94.6527 351.0 188
95.5591 350.0 188
96.4655 349.0 188
96.7456 347.0 188
97.7783 346.0 188
98.0585 345.0 188
98.5913 343.0 188
99.4977 342.0 188
100.4041 341.0 188
100.6842 340.0 188
101.5906 339.0 188
102.1234 339.0 188
102.5299 340.0 188
103.6835 341.0 188
104.0900 343.0 188
104.9799 343.0 188
105.1392 344.0 188
106.0455 346.0 188
106.8256 347.0 188
107.0892 348.0 188
107.8748 350.0 188
108.7811 351.0 188
108.9349 354.0 188
109.5776 355.0 188
110.4840 355.0 188
111.0114 358.0 188
111.7969 357.0 188
112.1869 358.0 188
112.8406 361.0 188
113.7469 364.0 188
114.2798 366.0 188
115.1697 369.0 188
115.5762 372.0 188
116.1090 374.0 188
117.0154 376.0 188
117.2791 380.0 188
118.1854 384.0 188
118.7183 388.0 188
119.3719 392.0 188
119.8883 396.0 188
120.5420 400.0 188
121.0748 404.0 188
121.6077 408.0 188
122.3712 413.0 188
122.7777 419.0 188
123.4369 424.0 188
124.0906 430.0 188
124.7498 439.0 188
125.1563 449.0 188
125.9363 461.0 188
128.3093 3800.0 188
128.9685 3798.0 188
129.4958 3750.0 188
130.1550 3959.0 188
130.8087 3998.0 188
131.4679 3993.0 188
139.8724 152.0 188
140.5261 149.0 188
141.1853 149.0 188
141.8390 148.0 188
142.4982 148.0 188
143.1519 148.0 188
143.8110 148.0 188
144.4647 148.0 188
145.1239 148.0 188
145.7776 149.0 188
146.4368 148.0 188
148.4033 147.0 188
149.0625 147.0 188
149.7327 147.0 188
150.3699 147.0 188
151.0291 147.0 188
151.6827 147.0 188
152.3419 147.0 188
152.9956 147.0 188
153.6383 147.0 188
154.2920 147.0 188
154.9512 147.0 188
155.6049 147.0 188
156.2640 147.0 188
156.9012 147.0 188
160.1862 159.0 188
160.8234 159.0 188
161.4825 158.0 188
162.1362 159.0 188
162.7954 160.0 188
163.4491 161.0 188
164.0918 163.0 188
167.1075 184.0 188
167.7612 185.0 188
168.4204 186.0 188
168.7006 188.0 188
169.7333 189.0 188
170.3870 191.0 188
171.0461 195.0 188
175.6219 2300.0 188
176.4020 2257.0 188
177.0612 2241.0 188
177.7148 2199.0 188
178.3740 2188.0 188
179.0277 2159.0 188
179.6869 2136.0 188
180.3406 2112.0 188
180.9998 2094.0 188
181.6534 2068.0 188
182.3071 2047.0 188
182.9663 2020.0 188
183.6200 2006.0 188
184.2957 1996.0 188
184.9493 1966.0 188
185.6085 1945.0 188
186.2622 1936.0 188
186.9214 1916.0 188
187.7014 1900.0 188
188.3551 1879.0 188
189.0143 1873.0 188
189.6680 1854.0 188
190.3271 1842.0 188
190.9808 1824.0 188
191.6400 1815.0 188
192.2937 1805.0 188
192.9529 1787.0 188
193.6066 1778.0 188
194.2603 1768.0 188
194.9194 1761.0 188
205.2026 191.0 188
205.8563 191.0 188
206.5155 188.0 188
202.1375 1637.0 188
202.7966 1639.0 188
203.4503 1636.0 188
204.2303 1627.0 188
204.8895 1623.0 188
205.5597 1603.0 188
206.2134 1573.0 188
212.7777 1597.0 188
213.4369 1560.0 188
214.0906 1553.0 188
214.7498 1549.0 188
215.4034 1550.0 188
216.0571 1546.0 188
216.7163 1546.0 188
217.3700 1544.0 188
218.0292 1542.0 188
218.6829 1535.0 188
219.3420 1543.0 188
219.9957 1530.0 188
220.6549 1530.0 188
221.3086 1529.0 188
221.9678 1534.0 188
222.6215 1533.0 188
223.2806 1532.0 188
223.9343 1532.0 188
224.5935 1531.0 188
225.2472 1532.0 188
225.9009 1540.0 188
226.5765 1532.0 188
227.2302 1534.0 188
227.8894 1541.0 188
228.5431 1539.0 188
229.2023 1540.0 188
229.8560 1542.0 188
230.5151 1543.0 188
231.1688 1537.0 188
238.9801 9395.0 188
239.6393 9322.0 188
241.6223 8671.0 188
242.2760 8643.0 188
242.9352 8615.0 188
243.5889 8643.0 188
244.2480 8678.0 188
244.9017 8720.0 188
245.5609 8791.0 188
246.2146 8812.0 188
246.8903 8848.0 188
247.5275 8878.0 188
251.5759 5693.0 188
252.2296 5611.0 188
252.8888 5439.0 188
253.5425 5371.0 188
254.2017 5287.0 188
255.4980 5070.0 188
256.1517 4981.0 188
256.8109 4872.0 188
257.4646 4755.0 188
258.1238 4679.0 188
258.7775 4643.0 188
259.4366 4515.0 188
260.0739 4445.0 188
260.7330 4402.0 188
261.3867 4324.0 188
262.0459 4254.0 188
262.6996 4181.0 188
263.3588 4124.0 188
263.9960 4065.0 188
264.6552 4021.0 188
265.3088 3983.0 188
265.9680 3917.0 188
266.6217 3857.0 188
267.4017 3843.0 188
267.9346 3882.0 188
268.5773 3915.0 188
269.2310 3978.0 188
269.8901 4014.0 188
270.5273 4065.0 188
271.1865 4108.0 188
271.8402 4151.0 188
272.4994 4199.0 188
273.1366 4271.0 188
273.7958 4313.0 188
274.4495 4390.0 188
275.0922 4443.0 188
275.7458 4520.0 188
276.4050 4630.0 188
277.0587 4667.0 188
277.7014 4651.0 188
279.6515 4490.0 188
280.3107 4475.0 188
280.9644 4445.0 188
284.2163 4265.0 188
284.8700 4258.0 188
285.5292 4219.0 188
286.1829 4214.0 188
286.8256 4205.0 188
287.4792 4197.0 188
288.7921 4108.0 188
289.4513 4047.0 188
290.1050 4070.0 188
290.7642 4076.0 188
291.4178 4040.0 188
292.0770 4025.0 188
292.7307 4025.0 188
293.3899 3987.0 188
294.0436 3983.0 188
294.7028 3974.0 188
295.3564 3915.0 188
296.0156 3896.0 188
296.7957 3895.0 188
297.3230 3874.0 188
298.1085 3862.0 188
298.8885 2708.0 188
299.5422 2705.0 188
300.2014 2702.0 188
300.8551 2682.0 188
301.5143 2686.0 188
302.1680 2656.0 188
302.8271 2658.0 188
303.4808 2646.0 188
304.1400 2638.0 188
304.7937 2633.0 188
305.4529 2627.0 188
306.1066 2629.0 188
306.7603 2625.0 188
307.4194 2629.0 188
308.0731 2624.0 188
308.7323 2614.0 188
309.3860 2612.0 188
310.0452 2615.0 188
310.6824 2610.0 188
311.3416 2601.0 188
311.9843 2589.0 188
312.6379 2586.0 188
313.2916 2582.0 188
313.9343 2584.0 188
314.5935 2568.0 188
315.2472 2586.0 188
315.8899 2579.0 188
316.5436 2581.0 188
317.2028 2585.0 188
317.8400 2575.0 188
318.4991 2583.0 188
319.1528 2565.0 188
319.7955 2608.0 188
320.4492 2580.0 188
321.1084 2588.0 188
321.7456 2591.0 188
322.4048 2604.0 188
323.0585 2613.0 188
323.7012 2608.0 188
324.3549 2620.0 188
325.0140 2621.0 188
325.6512 2620.0 188
326.3104 2629.0 188
326.9641 2633.0 188
327.6068 2654.0 188
328.2605 2650.0 188
328.9197 2666.0 188
329.5624 2674.0 188
330.2161 2680.0 188
330.8698 2691.0 188
331.5289 2701.0 188
332.1826 2738.0 188
332.8418 2740.0 188
333.4955 2745.0 188
334.1547 2758.0 188
334.8083 2762.0 188
335.4675 2767.0 188
336.1212 2780.0 188
336.7804 2796.0 188
337.4341 2807.0 188
338.0933 2813.0 188
338.7469 2838.0 188
339.4061 2855.0 188
340.0598 2866.0 188
340.5927 2882.0 188
341.2628 2893.0 188
341.9165 2908.0 188
342.5757 2940.0 188
343.2294 2960.0 188
343.8885 2981.0 188
344.5422 2993.0 188
345.2014 3015.0 188
345.8551 3026.0 188
346.5143 3057.0 188
357.4182 150.0 188
358.0774 151.0 188
