#RPLIDAR SCAN DATA
#COUNT=429
#Angule	Distance	Quality
356.0889 2179.0 188
356.7645 2195.0 188
357.4347 2170.0 188
358.1049 2157.0 188
358.7805 2139.0 188
359.4507 2112.0 188
0.1044 2097.0 188
0.7800 2048.0 188
9.6405 1937.0 188
10.3107 1897.0 188
10.9808 1871.0 188
11.6510 1862.0 188
12.3267 1855.0 188
12.9968 1846.0 188
13.6670 1844.0 188
14.3427 1824.0 188
15.0128 1818.0 188
15.6830 1812.0 188
16.3586 1801.0 188
17.0288 1792.0 188
17.6990 1785.0 188
18.3746 1779.0 188
19.0448 1775.0 188
19.7150 1770.0 188
20.3906 1759.0 188
21.0608 1754.0 188
21.7145 1779.0 188
22.3901 1847.0 188
23.0603 1925.0 188
23.6041 2021.0 188
24.2798 2113.0 188
24.9500 2219.0 188
25.4993 2351.0 188
26.1694 2477.0 188
26.8396 2655.0 188
27.5153 2816.0 188
28.0591 3039.0 188
28.7292 3291.0 188
29.4049 3557.0 188
30.0751 3905.0 188
32.6239 5576.0 188
44.6045 9682.0 188
45.9668 8253.0 188
46.6370 8020.0 188
47.3236 8026.0 188
47.9993 8160.0 188
48.6694 8160.0 188
49.3561 8234.0 188
58.2935 5313.0 188
58.9636 5144.0 188
59.6393 5037.0 188
60.9961 4738.0 188
61.6718 4637.0 188
62.3584 4473.0 188
63.0286 4401.0 188
63.7152 4297.0 188
64.3744 4199.0 188
65.0446 4101.0 188
65.7147 4013.0 188
66.3904 3930.0 188
67.1869 3829.0 188
67.8571 3738.0 188
68.5272 3686.0 188
69.2029 3617.0 188
69.8730 3530.0 188
70.5432 3486.0 188
74.5752 3134.0 188
75.2454 3110.0 188
75.9210 3070.0 188
76.5912 3019.0 188
77.3877 2958.0 188
80.7495 2836.0 188
81.4197 2754.0 188
82.0898 2721.0 188
82.7655 2689.0 188
83.4357 2666.0 188
84.1058 2640.0 188
84.7760 2610.0 188
85.4517 2585.0 188
86.1218 2582.0 188
86.7920 2617.0 188
87.4677 2650.0 188
88.1378 2685.0 188
88.8080 2723.0 188
89.4836 2759.0 188
90.1538 2793.0 188
90.8240 2846.0 188
91.4996 2891.0 188
92.1698 2949.0 188
92.7136 2984.0 188
93.3893 3044.0 188
94.0594 3106.0 188
94.7296 3177.0 188
95.4053 3225.0 188
96.0919 3281.0 188
96.7621 3337.0 188
97.4323 3409.0 188
101.3544 396.0 188
101.9037 385.0 188
102.9529 377.0 188
103.4967 371.0 188
104.6667 365.0 188
105.0897 360.0 188
105.8862 355.0 188
106.3092 351.0 188
107.4792 349.0 188
108.0286 348.0 188
108.8251 347.0 188
109.2480 346.0 188
110.4181 345.0 188
110.8575 344.0 188
111.6541 343.0 188
111.8243 342.0 188
112.5000 342.0 188
113.4174 341.0 188
114.0930 341.0 188
114.8895 340.0 188
115.6860 339.0 188
116.3562 339.0 188
117.1527 338.0 188
117.5757 338.0 188
118.4985 338.0 188
118.9215 338.0 188
119.7180 339.0 188
120.0146 341.0 188
121.0583 342.0 188
121.3550 344.0 188
122.0306 346.0 188
122.8271 348.0 188
123.1238 350.0 188
124.0466 352.0 188
124.4641 355.0 188
125.1398 358.0 188
126.3098 360.0 188
126.6064 362.0 188
127.5293 364.0 188
127.8259 367.0 188
128.4961 365.0 188
129.2926 368.0 188
129.7156 372.0 188
130.5121 376.0 188
130.9351 382.0 188
136.6370 166.0 188
137.3071 166.0 188
137.9828 166.0 188
138.6530 166.0 188
139.3121 167.0 188
139.9823 168.0 188
140.6525 170.0 188
141.3281 169.0 188
141.7291 173.0 188
142.4048 174.0 188
143.3276 172.0 188
143.7451 172.0 188
144.4043 173.0 188
145.0745 174.0 188
145.7446 175.0 188
146.4203 176.0 188
147.0740 176.0 188
147.7496 180.0 188
148.4198 180.0 188
149.0900 175.0 188
149.7491 175.0 188
150.4193 176.0 188
151.0895 177.0 188
151.7651 177.0 188
152.4188 178.0 188
153.0890 180.0 188
153.7646 182.0 188
154.4348 185.0 188
155.3412 188.0 188
155.7642 192.0 188
156.4343 194.0 188
167.2449 184.0 188
167.9205 183.0 188
168.5907 185.0 188
169.2773 185.0 188
169.7003 187.0 188
170.8704 189.0 188
165.3552 1160.0 188
166.0309 1141.0 188
166.8274 1130.0 188
167.5140 1109.0 188
168.1842 1098.0 188
168.8544 1081.0 188
169.6509 1066.0 188
170.2167 1047.0 188
171.0132 1018.0 188
175.7318 972.0 188
176.4020 952.0 188
177.1985 942.0 188
177.8741 934.0 188
178.5443 924.0 188
179.3408 913.0 188
180.0110 908.0 188
180.5603 899.0 188
181.2305 893.0 188
181.9061 884.0 188
182.7026 875.0 188
183.2465 870.0 188
184.0430 862.0 188
184.7186 856.0 188
185.3888 846.0 188
186.0590 842.0 188
186.7291 839.0 188
187.4048 829.0 188
188.2013 826.0 188
188.8715 821.0 188
189.5416 816.0 188
190.2173 810.0 188
191.0138 804.0 188
191.5576 801.0 188
192.3541 795.0 188
192.9034 791.0 188
193.5736 786.0 188
194.2603 784.0 188
195.0623 779.0 188
195.7324 779.0 188
204.9664 188.0 188
205.6366 190.0 188
206.3123 187.0 188
203.1372 747.0 188
203.9337 742.0 188
204.6094 739.0 188
205.2795 723.0 188
212.0142 743.0 188
212.6843 725.0 188
213.3545 724.0 188
213.9038 723.0 188
214.5740 722.0 188
215.2496 720.0 188
216.0571 721.0 188
216.6064 721.0 188
217.4030 720.0 188
218.0896 719.0 188
218.6389 720.0 188
219.3091 720.0 188
219.9957 722.0 188
220.6714 722.0 188
221.3416 721.0 188
222.1545 723.0 188
222.6984 723.0 188
223.3740 724.0 188
224.0607 724.0 188
224.7308 729.0 188
225.4010 732.0 188
226.0931 732.0 188
226.8896 733.0 188
227.4335 734.0 188
228.1201 739.0 188
228.9166 744.0 188
229.4659 740.0 188
230.2789 742.0 188
230.8228 742.0 188
231.4984 746.0 188
232.1851 749.0 188
232.8552 761.0 188
233.5309 764.0 188
234.2175 768.0 188
234.8877 771.0 188
235.5579 772.0 188
236.2500 776.0 188
236.7938 779.0 188
237.4805 782.0 188
238.1561 787.0 188
238.8263 789.0 188
239.4965 814.0 188
240.1666 798.0 188
240.8423 800.0 188
241.5125 806.0 188
242.1826 809.0 188
242.7319 812.0 188
243.5284 816.0 188
244.1986 824.0 188
244.8743 829.0 188
245.4181 834.0 188
246.0938 839.0 188
246.7639 846.0 188
247.5604 849.0 188
248.1207 855.0 188
248.7964 863.0 188
249.3402 870.0 188
250.0104 875.0 188
250.8124 882.0 188
251.3562 899.0 188
252.1527 897.0 188
252.7020 905.0 188
253.3722 913.0 188
254.0424 921.0 188
254.7180 929.0 188
255.3882 937.0 188
256.0583 946.0 188
256.6077 953.0 188
257.4042 964.0 188
257.9480 974.0 188
258.6401 985.0 188
259.2938 994.0 188
259.9640 1004.0 188
260.6396 1012.0 188
261.3098 1025.0 188
261.9800 1038.0 188
262.6556 1050.0 188
263.1995 1061.0 188
263.8696 1078.0 188
264.5453 1093.0 188
265.2155 1106.0 188
265.8856 1115.0 188
266.5613 1133.0 188
267.2314 1147.0 188
267.9016 1168.0 188
268.4509 1183.0 188
269.1211 1197.0 188
269.7968 1217.0 188
270.4669 1233.0 188
271.0107 1255.0 188
271.6864 1272.0 188
272.3566 1297.0 188
273.1531 1319.0 188
273.7024 1342.0 188
274.3726 1366.0 188
275.0427 1393.0 188
275.7184 1418.0 188
276.3885 1444.0 188
276.9324 1470.0 188
277.6080 1501.0 188
278.2782 1528.0 188
278.9484 1566.0 188
279.4977 1600.0 188
280.2777 1599.0 188
280.9479 1589.0 188
281.6235 1584.0 188
282.2937 1573.0 188
282.9529 1565.0 188
283.6230 1559.0 188
284.2932 1555.0 188
284.9634 1535.0 188
285.6226 1534.0 188
286.2927 1531.0 188
286.9684 1525.0 188
287.6385 1512.0 188
288.2922 1508.0 188
288.9679 1498.0 188
289.7644 1497.0 188
290.3082 1495.0 188
290.9674 1486.0 188
291.6376 1482.0 188
292.3077 1478.0 188
293.1042 1475.0 188
293.6371 1468.0 188
294.3073 1467.0 188
294.9829 1462.0 188
295.6531 1457.0 188
296.3123 1449.0 188
297.1088 1449.0 188
297.6526 1445.0 188
298.4491 1448.0 188
298.9819 1445.0 188
299.7784 1444.0 188
300.4486 1436.0 188
300.9979 1435.0 188
301.7780 1429.0 188
302.3273 1435.0 188
302.9974 1436.0 188
303.7939 1429.0 188
304.4531 1430.0 188
305.1233 1423.0 188
305.7935 1420.0 188
306.4636 1422.0 188
306.9965 1425.0 188
307.7930 1431.0 188
308.3423 1423.0 188
309.1388 1423.0 188
309.7925 1421.0 188
310.3418 1433.0 188
311.1383 1430.0 188
311.6821 1431.0 188
312.4677 1426.0 188
313.0115 1433.0 188
313.8080 1437.0 188
314.3573 1437.0 188
315.1373 1443.0 188
315.6866 1442.0 188
316.3568 1447.0 188
317.0270 1448.0 188
317.8125 1453.0 188
318.4827 1455.0 188
319.0265 1464.0 188
319.7021 1467.0 188
320.3558 1470.0 188
321.0260 1472.0 188
321.7017 1477.0 188
322.3718 1481.0 188
323.0420 1486.0 188
323.7177 1490.0 188
324.4043 1497.0 188
325.0745 1499.0 188
325.7446 1508.0 188
326.4368 1512.0 188
327.1069 1525.0 188
327.7771 1530.0 188
328.4637 1537.0 188
329.1394 1543.0 188
329.8096 1549.0 188
330.4962 1557.0 188
331.1719 1568.0 188
331.8420 1576.0 188
332.5287 1582.0 188
333.1989 1590.0 188
333.8745 1606.0 188
334.5612 1607.0 188
335.2313 1621.0 188
335.9015 1629.0 188
336.4673 1647.0 188
337.1375 1659.0 188
337.8076 1668.0 188
338.4998 1676.0 188
339.1699 1689.0 188
339.8401 1697.0 188
340.5267 1706.0 188
341.2024 1725.0 188
341.8726 1742.0 188
342.5592 1755.0 188
343.2294 1769.0 188
343.9215 1782.0 188
344.5752 1803.0 188
345.2454 1811.0 188
345.9045 1824.0 188
346.5747 1848.0 188
357.1545 146.0 188
