#RPLIDAR SCAN DATA
#COUNT=372
#Angule	Distance	Quality
356.0284 2390.0 188
356.6821 2402.0 188
357.3578 2421.0 188
358.0115 2448.0 188
358.6871 2452.0 188
359.3408 2479.0 188
0.0110 2490.0 188
0.6702 2482.0 188
1.3403 2517.0 188
10.4974 2985.0 188
11.1676 2989.0 188
18.3252 5311.0 188
18.9844 5298.0 188
19.6381 5287.0 188
20.3082 5239.0 188
20.9674 5224.0 188
21.6376 5208.0 188
22.2968 5117.0 188
22.9504 5103.0 188
23.6206 5060.0 188
24.2798 5023.0 188
24.9335 4999.0 188
25.6091 4947.0 188
26.2628 4949.0 188
26.9330 4912.0 188
27.5922 4888.0 188
28.2623 4813.0 188
28.9325 4800.0 188
29.6082 4926.0 188
30.2783 5013.0 188
31.6241 5272.0 188
33.6237 5652.0 188
36.1835 6548.0 188
59.0735 4602.0 188
59.7491 4606.0 188
60.4193 4604.0 188
61.0895 4608.0 188
61.7487 4579.0 188
62.4188 4622.0 188
63.0890 4681.0 188
63.7646 4708.0 188
64.4348 4733.0 188
65.1050 4748.0 188
65.7642 4761.0 188
66.4343 4782.0 188
67.1045 4784.0 188
74.4324 4815.0 188
75.1080 4723.0 188
81.8701 3597.0 188
82.5458 3529.0 188
87.2479 392.0 188
87.7808 383.0 188
88.8245 375.0 188
89.2310 367.0 188
90.1538 360.0 188
90.9338 356.0 188
91.3568 352.0 188
92.1368 350.0 188
92.6862 347.0 188
93.9661 344.0 188
94.6362 342.0 188
95.4327 340.0 188
95.7184 338.0 188
96.6357 335.0 188
97.2949 334.0 188
97.7179 333.0 188
98.2617 331.0 188
99.0417 330.0 188
100.2173 328.0 188
100.3876 327.0 188
101.0468 325.0 188
101.8433 324.0 188
102.6398 324.0 188
103.4198 325.0 188
103.9636 326.0 188
104.3866 327.0 188
105.2930 327.0 188
106.0895 328.0 188
106.3861 329.0 188
107.5452 330.0 188
107.9681 331.0 188
108.3856 332.0 188
109.4183 333.0 188
109.9677 335.0 188
110.5115 336.0 188
110.7916 336.0 188
111.8408 338.0 188
112.6373 336.0 188
112.9175 337.0 188
114.0930 339.0 188
114.6368 341.0 188
115.2960 344.0 188
115.5927 346.0 188
116.2628 348.0 188
117.1692 351.0 188
117.8229 352.0 188
118.1250 354.0 188
118.6523 357.0 188
119.3280 360.0 188
119.8553 363.0 188
121.0309 366.0 188
121.6846 369.0 188
122.2339 373.0 188
122.5140 377.0 188
123.0579 380.0 188
123.7170 383.0 188
124.2609 387.0 188
124.9200 391.0 188
125.4639 396.0 188
126.4966 402.0 188
127.0294 407.0 188
127.5732 414.0 188
128.2324 423.0 188
128.6554 435.0 188
140.0427 172.0 188
140.7019 168.0 188
141.3721 164.0 188
142.0313 163.0 188
142.7014 163.0 188
143.3716 164.0 188
144.0308 165.0 188
144.7009 166.0 188
145.3711 168.0 188
147.1234 179.0 188
147.7936 175.0 188
148.4528 174.0 188
149.1229 173.0 188
149.7931 174.0 188
150.4688 174.0 188
151.1224 175.0 188
151.7926 176.0 188
152.4683 179.0 188
153.1219 182.0 188
155.7916 215.0 188
165.1355 191.0 188
165.8112 191.0 188
166.4813 191.0 188
167.1515 191.0 188
167.8107 192.0 188
168.4808 193.0 188
169.1510 195.0 188
169.8102 196.0 188
170.4803 201.0 188
163.6523 4536.0 188
164.3280 4577.0 188
164.9817 4596.0 188
165.6519 4596.0 188
166.3275 4587.0 188
166.9812 4467.0 188
167.6514 4363.0 188
168.3270 4244.0 188
168.9972 4087.0 188
174.4519 3475.0 188
175.1221 3373.0 188
175.7922 3282.0 188
176.4679 3228.0 188
177.1216 3165.0 188
177.7808 3104.0 188
178.4344 3058.0 188
179.1046 3001.0 188
179.8901 2955.0 188
180.5438 2907.0 188
181.2030 2871.0 188
181.8732 2824.0 188
182.5269 2777.0 188
183.1860 2740.0 188
183.8562 2693.0 188
184.5154 2656.0 188
185.1691 2615.0 188
185.8228 2576.0 188
186.4984 2541.0 188
187.1521 2507.0 188
187.8113 2476.0 188
188.4814 2445.0 188
189.1406 2424.0 188
189.7943 2376.0 188
190.4480 2354.0 188
191.2500 2332.0 188
191.7773 2310.0 188
192.5574 2294.0 188
193.1067 2257.0 188
193.8867 2242.0 188
194.5459 2228.0 188
204.8566 191.0 188
205.6531 191.0 188
201.8903 2006.0 188
202.5604 2001.0 188
203.2306 1993.0 188
203.9063 1976.0 188
204.5764 1966.0 188
205.2631 1932.0 188
206.0596 1903.0 188
212.7942 1867.0 188
213.4644 1830.0 188
214.1400 1817.0 188
214.8102 1811.0 188
215.4803 1807.0 188
216.1560 1789.0 188
216.8262 1785.0 188
217.4963 1778.0 188
218.1665 1775.0 188
218.8422 1770.0 188
219.5288 1762.0 188
220.1825 1755.0 188
220.8582 1744.0 188
221.5283 1744.0 188
222.1985 1740.0 188
222.8741 1731.0 188
223.5443 1738.0 188
224.1980 1812.0 188
224.7473 1915.0 188
225.4175 2002.0 188
226.5106 2930.0 188
227.3071 2946.0 188
227.8400 2945.0 188
228.5156 2947.0 188
229.0594 3908.0 188
229.8560 3871.0 188
230.4053 4219.0 188
232.9486 9428.0 188
233.6243 9242.0 188
234.2944 9227.0 188
234.9646 9219.0 188
235.6403 9274.0 188
236.2939 9195.0 188
236.9641 9306.0 188
237.6398 9314.0 188
238.3099 9347.0 188
238.9801 9387.0 188
239.6558 9235.0 188
240.3259 9428.0 188
245.6708 9420.0 188
246.3409 9404.0 188
246.9946 9461.0 188
249.0106 8755.0 188
249.6698 8602.0 188
250.3400 8602.0 188
251.0156 8671.0 188
251.6858 8671.0 188
252.3560 8713.0 188
253.0151 8713.0 188
253.6853 8762.0 188
257.8271 5390.0 188
258.4973 5292.0 188
259.1510 5134.0 188
259.8267 5041.0 188
261.1670 4727.0 188
261.8427 4675.0 188
262.4963 4515.0 188
263.1555 4421.0 188
263.8257 4317.0 188
264.4794 4241.0 188
265.1550 4174.0 188
265.8087 4078.0 188
266.4844 4005.0 188
267.1381 3909.0 188
267.8082 3840.0 188
268.5938 3751.0 188
269.2639 3698.0 188
269.9176 3639.0 188
270.5933 3650.0 188
271.2469 3672.0 188
271.9171 3695.0 188
272.4500 3732.0 188
273.1091 3777.0 188
273.9056 3803.0 188
274.4330 3837.0 188
275.2295 3862.0 188
275.7623 3909.0 188
276.4325 3977.0 188
277.0917 4011.0 188
277.7618 4045.0 188
278.4210 4095.0 188
279.0912 4140.0 188
279.7449 4186.0 188
280.4205 4226.0 188
281.0742 4268.0 188
281.7499 4359.0 188
282.4036 4311.0 188
283.0737 4258.0 188
283.7329 4205.0 188
286.3861 4076.0 188
287.0618 4047.0 188
287.7155 4024.0 188
289.8413 3899.0 188
290.3741 3878.0 188
291.1707 3841.0 188
291.8243 3843.0 188
292.3737 3811.0 188
294.4995 3681.0 188
295.1532 3657.0 188
295.8234 3647.0 188
296.4825 3628.0 188
297.1527 3582.0 188
297.8119 3561.0 188
298.4821 3544.0 188
299.1357 3524.0 188
299.8114 3506.0 188
300.4651 3488.0 188
301.1353 3479.0 188
302.0416 2252.0 188
302.7173 2251.0 188
303.3710 2240.0 188
304.0466 2231.0 188
304.7168 2222.0 188
305.3705 2214.0 188
306.0461 2199.0 188
306.6998 2196.0 188
307.3700 2185.0 188
308.0457 2176.0 188
308.6993 2166.0 188
309.3750 2158.0 188
310.0452 2154.0 188
310.6989 2146.0 188
311.3745 2142.0 188
312.0282 2139.0 188
312.6984 2139.0 188
313.3740 2132.0 188
314.0277 2126.0 188
314.6979 2129.0 188
315.3735 2115.0 188
316.0272 2109.0 188
316.7029 2110.0 188
317.3566 2074.0 188
318.0267 2077.0 188
318.7024 2081.0 188
319.3561 2073.0 188
320.0262 2074.0 188
320.7019 2076.0 188
321.3556 2062.0 188
322.0313 2059.0 188
322.6849 2061.0 188
323.3551 2057.0 188
324.0308 2056.0 188
324.6844 2065.0 188
325.3546 2061.0 188
326.0303 2058.0 188
326.6840 2057.0 188
327.3431 2058.0 188
328.0133 2058.0 188
328.6670 2060.0 188
329.3262 2057.0 188
329.9963 2062.0 188
330.6555 2071.0 188
331.3257 2062.0 188
331.9794 2061.0 188
332.6385 2075.0 188
333.3087 2074.0 188
333.9679 2078.0 188
334.6216 2083.0 188
335.2917 2081.0 188
335.9509 2085.0 188
336.6211 2090.0 188
337.2803 2098.0 188
337.9340 2107.0 188
338.6041 2108.0 188
339.2633 2114.0 188
339.9170 2117.0 188
340.5927 2132.0 188
341.2463 2141.0 188
341.9165 2157.0 188
342.5757 2165.0 188
343.2294 2173.0 188
343.9050 2177.0 188
344.5587 2186.0 188
345.2179 2206.0 188
345.8881 2216.0 188
346.5417 2212.0 188
347.2174 2275.0 188
357.2314 152.0 188
357.9016 149.0 188
358.5608 149.0 188
