#RPLIDAR SCAN DATA
#COUNT=377
#Angule	Distance	Quality
355.8252 1873.0 188
356.3745 1880.0 188
357.1545 1893.0 188
357.6984 1903.0 188
358.3575 1914.0 188
359.0277 1937.0 188
359.6869 1947.0 188
0.3571 1958.0 188
1.0107 1952.0 188
9.6515 2214.0 188
10.3107 2217.0 188
10.9644 2215.0 188
11.6400 2242.0 188
12.2937 2256.0 188
12.9639 2276.0 188
13.4967 2324.0 188
14.1669 2355.0 188
14.8260 2382.0 188
15.4962 2406.0 188
16.1554 2432.0 188
16.8091 2461.0 188
17.4792 2494.0 188
18.1384 2517.0 188
18.8086 2562.0 188
19.4678 2590.0 188
20.1379 2608.0 188
20.7916 2651.0 188
21.4508 2682.0 188
22.1210 2725.0 188
22.7802 2758.0 188
23.4503 2791.0 188
24.1040 2839.0 188
24.7797 2885.0 188
25.4333 2935.0 188
25.9827 2985.0 188
26.6364 3045.0 188
29.8553 5339.0 188
30.5310 5377.0 188
31.1847 5347.0 188
31.8549 5332.0 188
32.5305 5295.0 188
33.1842 5277.0 188
33.8544 5231.0 188
34.5300 5241.0 188
35.2002 5213.0 188
35.8594 5137.0 188
36.5295 5110.0 188
37.1997 5091.0 188
37.8589 5072.0 188
38.5291 5062.0 188
39.1992 5032.0 188
39.8749 5016.0 188
40.5286 4983.0 188
41.1987 5030.0 188
42.5281 5305.0 188
43.8739 5654.0 188
69.2303 5074.0 188
69.9060 4935.0 188
70.5762 4933.0 188
83.3093 5239.0 188
83.9795 5231.0 188
85.3088 5011.0 188
90.6702 4079.0 188
91.3239 3996.0 188
92.1204 3905.0 188
96.4490 446.0 188
96.8555 435.0 188
97.9047 424.0 188
98.6847 415.0 188
99.2175 410.0 188
99.7614 406.0 188
100.6677 403.0 188
101.2170 399.0 188
101.8707 397.0 188
102.6672 395.0 188
103.5736 392.0 188
104.1229 390.0 188
104.7766 388.0 188
105.5621 386.0 188
105.9796 383.0 188
106.8860 381.0 188
107.6825 379.0 188
108.2153 377.0 188
109.1382 376.0 188
109.5447 375.0 188
110.1984 376.0 188
110.8740 376.0 188
111.5277 377.0 188
112.3242 378.0 188
112.6044 378.0 188
113.5272 379.0 188
114.3073 380.0 188
114.7302 381.0 188
115.2631 383.0 188
115.9332 384.0 188
116.6089 386.0 188
117.6526 384.0 188
118.0756 385.0 188
118.7292 387.0 188
119.5313 389.0 188
119.8279 392.0 188
120.8716 395.0 188
121.4209 398.0 188
121.9482 401.0 188
122.4976 402.0 188
123.0469 405.0 188
123.9642 409.0 188
124.5135 413.0 188
125.1837 417.0 188
125.7166 421.0 188
126.5131 425.0 188
126.9360 428.0 188
127.8589 431.0 188
128.4027 433.0 188
129.0619 436.0 188
129.4794 440.0 188
130.2759 445.0 188
130.6989 452.0 188
131.6217 458.0 188
132.0282 467.0 188
138.3728 166.0 188
139.0430 166.0 188
139.7186 166.0 188
140.3888 166.0 188
141.0425 167.0 188
141.7181 168.0 188
142.3718 170.0 188
144.1241 175.0 188
144.7943 173.0 188
145.4645 172.0 188
146.1237 172.0 188
146.7938 173.0 188
147.4530 174.0 188
148.1232 175.0 188
148.7933 177.0 188
149.4525 176.0 188
150.1227 181.0 188
150.7928 181.0 188
151.4520 181.0 188
152.1222 182.0 188
152.7759 183.0 188
153.4515 184.0 188
154.1217 186.0 188
155.4950 195.0 188
156.7804 198.0 188
157.4506 201.0 188
164.7784 194.0 188
165.4486 194.0 188
166.1243 193.0 188
166.7944 194.0 188
167.4481 195.0 188
168.1238 196.0 188
168.7939 198.0 188
169.4641 201.0 188
162.6196 4733.0 188
163.2953 4731.0 188
163.9655 4736.0 188
164.6356 4746.0 188
165.2948 4774.0 188
165.9650 4797.0 188
166.6406 4800.0 188
167.3108 4795.0 188
167.9645 4769.0 188
173.4357 3663.0 188
174.1058 3546.0 188
174.7760 3446.0 188
175.4517 3376.0 188
176.1053 3272.0 188
176.7810 3201.0 188
177.4512 3106.0 188
178.1213 3029.0 188
178.7915 2979.0 188
179.5770 2916.0 188
180.2472 2842.0 188
180.9174 2781.0 188
181.5930 2726.0 188
182.2632 2677.0 188
182.9169 2637.0 188
183.5925 2596.0 188
184.2627 2547.0 188
184.9329 2501.0 188
185.6085 2440.0 188
186.4050 2396.0 188
186.9324 2362.0 188
187.7344 2317.0 188
188.4045 2289.0 188
188.9484 2261.0 188
189.7449 2220.0 188
190.4041 2187.0 188
191.0742 2148.0 188
191.7499 2129.0 188
192.4200 2107.0 188
193.0902 2066.0 188
193.7494 2046.0 188
194.4196 2015.0 188
195.0897 2005.0 188
205.5597 190.0 188
206.2299 193.0 188
202.5769 1768.0 188
203.2471 1749.0 188
203.9063 1740.0 188
204.5764 1730.0 188
205.2466 1701.0 188
206.0431 1664.0 188
212.7173 1603.0 188
213.3875 1568.0 188
214.0576 1555.0 188
214.7333 1536.0 188
215.4034 1553.0 188
216.0571 1582.0 188
216.7328 1626.0 188
217.4030 1663.0 188
217.9523 1709.0 188
218.6224 1752.0 188
219.2761 1800.0 188
223.4344 1441.0 188
223.3575 6877.0 188
224.4012 2717.0 188
225.0769 2706.0 188
225.7471 2700.0 188
226.4172 2714.0 188
227.0929 2691.0 188
228.0597 7033.0 188
230.3229 3687.0 188
230.9985 3647.0 188
231.5424 3902.0 188
232.8882 4391.0 188
234.2340 5236.0 188
234.9042 5652.0 188
237.4640 8936.0 188
238.1396 8966.0 188
238.8098 8914.0 188
239.4800 8959.0 188
240.1392 9026.0 188
240.8093 8959.0 188
241.4795 8936.0 188
242.1552 8914.0 188
242.8253 8899.0 188
243.4955 8878.0 188
244.1547 8929.0 188
244.8248 8944.0 188
245.4950 8973.0 188
251.5265 9133.0 188
252.2021 9141.0 188
253.5260 8427.0 188
254.2017 8240.0 188
254.8718 8266.0 188
255.5420 8240.0 188
256.2177 8197.0 188
256.8713 8342.0 188
257.5415 8266.0 188
258.2172 8394.0 188
263.6719 4696.0 188
264.3420 4505.0 188
264.9957 4399.0 188
265.6714 4280.0 188
266.3251 4189.0 188
266.9952 4056.0 188
267.7808 3944.0 188
268.4509 3864.0 188
269.1046 3761.0 188
269.7803 3668.0 188
270.4340 3601.0 188
271.1041 3526.0 188
271.7633 3444.0 188
272.4170 3378.0 188
273.0927 3334.0 188
273.7463 3266.0 188
274.4165 3211.0 188
275.0757 3185.0 188
275.7458 3194.0 188
276.4050 3213.0 188
277.0752 3234.0 188
277.7344 3277.0 188
278.4045 3312.0 188
279.0582 3335.0 188
279.7339 3362.0 188
280.3876 3383.0 188
281.0577 3416.0 188
281.7169 3454.0 188
282.3871 3483.0 188
283.0463 3518.0 188
283.7164 3556.0 188
284.3866 3601.0 188
285.0458 3640.0 188
285.7159 3680.0 188
286.3861 3725.0 188
287.0453 3779.0 188
287.7155 3820.0 188
288.2648 3874.0 188
289.0448 3868.0 188
289.7150 3833.0 188
291.7145 3681.0 188
292.3901 3650.0 188
293.0603 3627.0 188
293.7140 3587.0 188
294.3896 3561.0 188
295.0598 3536.0 188
295.7135 3509.0 188
296.3892 3486.0 188
297.0593 3437.0 188
297.7185 3412.0 188
298.3887 3371.0 188
299.0588 3357.0 188
299.7180 3344.0 188
300.3882 3331.0 188
301.0583 3297.0 188
301.7175 3246.0 188
302.3877 3243.0 188
303.0579 3202.0 188
303.7335 3213.0 188
304.3872 3185.0 188
305.0574 3155.0 188
305.7166 3143.0 188
306.3867 3133.0 188
307.0624 3113.0 188
307.7161 3106.0 188
308.3862 3093.0 188
309.0619 3080.0 188
309.7156 3049.0 188
310.3857 3038.0 188
311.0449 3013.0 188
311.7151 3003.0 188
312.3853 2991.0 188
313.4180 1830.0 188
314.0936 1828.0 188
314.7638 1821.0 188
315.4175 1817.0 188
316.0931 1813.0 188
316.7468 1803.0 188
317.4170 1795.0 188
318.0927 1796.0 188
318.7463 1790.0 188
319.4165 1786.0 188
320.0922 1778.0 188
320.7458 1774.0 188
321.4215 1767.0 188
322.0752 1768.0 188
322.7454 1759.0 188
323.4210 1761.0 188
324.0747 1766.0 188
324.7449 1761.0 188
325.4205 1751.0 188
326.0742 1748.0 188
326.7499 1754.0 188
327.4200 1745.0 188
328.0902 1746.0 188
328.7604 1745.0 188
329.4196 1747.0 188
330.0897 1741.0 188
330.7654 1757.0 188
331.4355 1741.0 188
332.1057 1741.0 188
332.7649 1720.0 188
333.4351 1726.0 188
334.1052 1726.0 188
334.7809 1723.0 188
335.4510 1725.0 188
336.1212 1725.0 188
336.7804 1728.0 188
337.4506 1730.0 188
338.1207 1732.0 188
338.7964 1737.0 188
339.4666 1742.0 188
340.1202 1739.0 188
340.7959 1746.0 188
341.4661 1745.0 188
342.1362 1750.0 188
342.8119 1750.0 188
343.4656 1753.0 188
344.1357 1760.0 188
344.8114 1760.0 188
345.4816 1764.0 188
346.1517 1770.0 188
346.8274 1777.0 188
357.4017 152.0 188
358.0774 150.0 188
