#RPLIDAR SCAN DATA
#COUNT=400
#Angule	Distance	Quality
12.6672 5616.0 188
13.3099 5687.0 188
13.8428 5769.0 188
15.1556 6016.0 188
15.7928 6101.0 188
38.1390 4813.0 188
38.7927 4772.0 188
39.4354 4755.0 188
40.0891 4748.0 188
40.7483 4761.0 188
41.4020 4834.0 188
42.0612 4870.0 188
42.7148 4837.0 188
43.3740 4832.0 188
44.0277 4841.0 188
44.6869 4823.0 188
45.3406 4819.0 188
45.9998 4795.0 188
46.6534 4776.0 188
47.3071 4778.0 188
48.8397 1258.0 188
49.4989 1259.0 188
50.1526 1264.0 188
50.8118 1261.0 188
51.3391 1260.0 188
52.1246 1259.0 188
52.6520 1267.0 188
53.3112 1269.0 188
54.0912 1269.0 188
54.6240 1276.0 188
55.2777 1276.0 188
56.0577 1271.0 188
56.5906 1280.0 188
57.3706 1270.0 188
58.0298 1267.0 188
58.6835 1270.0 188
59.3427 1274.0 188
59.8700 1277.0 188
60.5292 1281.0 188
61.1719 1286.0 188
61.8256 1288.0 188
62.4792 1295.0 188
63.1384 1300.0 188
63.7921 1307.0 188
64.4513 1309.0 188
65.1050 1312.0 188
65.7642 1318.0 188
66.4178 1331.0 188
67.0770 1296.0 188
67.8571 1250.0 188
68.5107 1208.0 188
69.1699 1167.0 188
69.9500 1130.0 188
70.6091 1096.0 188
71.3892 1063.0 188
72.0264 1064.0 188
75.8386 1099.0 188
76.4978 1102.0 188
77.1515 1085.0 188
80.3101 1180.0 188
81.0901 1158.0 188
81.7493 1161.0 188
82.3865 1174.0 188
83.0457 1181.0 188
83.5730 1191.0 188
84.2322 1200.0 188
84.8749 1210.0 188
87.7808 406.0 188
88.5608 391.0 188
89.2145 385.0 188
90.1044 380.0 188
90.7635 375.0 188
91.9171 370.0 188
92.5763 365.0 188
93.0927 361.0 188
93.8727 359.0 188
94.5264 357.0 188
94.8120 355.0 188
95.9491 353.0 188
96.4819 352.0 188
96.8884 351.0 188
97.6685 349.0 188
98.6847 348.0 188
98.8385 347.0 188
99.7449 346.0 188
100.1514 345.0 188
101.2939 344.0 188
101.8268 343.0 188
102.4805 342.0 188
103.3868 342.0 188
103.7769 341.0 188
104.6832 341.0 188
105.0897 341.0 188
105.4962 342.0 188
106.0126 344.0 188
107.1716 345.0 188
107.3254 347.0 188
107.9681 348.0 188
108.8745 350.0 188
109.5282 351.0 188
109.9347 354.0 188
110.9509 355.0 188
111.3574 357.0 188
111.7639 359.0 188
112.4011 361.0 188
113.3075 359.0 188
113.7140 360.0 188
114.6204 362.0 188
115.1367 365.0 188
115.9167 367.0 188
116.5759 371.0 188
117.2186 375.0 188
117.3724 378.0 188
118.1525 380.0 188
118.9325 383.0 188
119.7015 386.0 188
120.1080 390.0 188
120.7617 394.0 188
121.5308 398.0 188
121.8109 401.0 188
122.4646 406.0 188
122.9974 410.0 188
123.7610 415.0 188
124.1675 420.0 188
125.0739 425.0 188
125.6067 432.0 188
125.9967 439.0 188
126.5295 448.0 188
127.3096 459.0 188
127.8424 477.0 188
138.4662 175.0 188
139.3561 167.0 188
140.0153 165.0 188
140.6689 164.0 188
141.3281 165.0 188
141.9818 166.0 188
142.6245 167.0 188
143.2782 168.0 188
143.9374 171.0 188
145.6403 182.0 188
146.2939 184.0 188
146.9531 176.0 188
147.6068 174.0 188
148.2495 173.0 188
148.9032 173.0 188
149.5624 173.0 188
150.2161 174.0 188
150.8698 175.0 188
151.5125 177.0 188
152.1716 180.0 188
154.3250 213.0 188
155.7312 216.0 188
165.9210 190.0 188
166.5747 190.0 188
167.2174 190.0 188
167.8711 191.0 188
168.5303 192.0 188
169.1840 193.0 188
169.8431 195.0 188
170.4968 197.0 188
171.1560 200.0 188
164.4324 3415.0 188
165.0916 3404.0 188
165.7452 3327.0 188
166.4044 3259.0 188
167.0581 3192.0 188
167.7173 3134.0 188
168.3710 3064.0 188
169.0302 2986.0 188
169.8102 2875.0 188
175.0781 2624.0 188
175.7318 2570.0 188
176.3855 2524.0 188
177.0447 2476.0 188
177.6984 2444.0 188
178.3575 2399.0 188
179.0277 2363.0 188
179.8077 2316.0 188
180.3406 2301.0 188
180.9998 2261.0 188
181.7798 2250.0 188
182.4335 2220.0 188
183.0927 2189.0 188
183.7463 2166.0 188
184.4055 2141.0 188
185.0592 2117.0 188
185.7294 2100.0 188
186.3721 2070.0 188
187.0313 2056.0 188
187.6849 2037.0 188
188.3386 2016.0 188
188.9978 2001.0 188
189.6515 1984.0 188
190.3107 1961.0 188
190.9644 1943.0 188
191.7499 1931.0 188
192.2772 1915.0 188
192.9199 1899.0 188
193.7000 1886.0 188
194.3591 1861.0 188
195.0128 1861.0 188
205.2960 192.0 188
205.9497 191.0 188
206.6089 188.0 188
202.2144 1709.0 188
202.8735 1712.0 188
203.5272 1706.0 188
204.1864 1697.0 188
204.9664 1688.0 188
205.4993 1661.0 188
206.1530 1638.0 188
212.7338 1637.0 188
213.5138 1607.0 188
214.0576 1600.0 188
214.8431 1595.0 188
215.4968 1589.0 188
216.1560 1589.0 188
216.8097 1585.0 188
217.4799 1578.0 188
218.1390 1579.0 188
218.7927 1571.0 188
219.4519 1565.0 188
220.1056 1561.0 188
220.7648 1565.0 188
221.4349 1559.0 188
222.0886 1555.0 188
222.7478 1556.0 188
223.4015 1551.0 188
224.0607 1553.0 188
224.7308 1550.0 188
225.3900 1550.0 188
226.0437 1551.0 188
226.7029 1549.0 188
227.3566 1547.0 188
228.0267 1556.0 188
228.6859 1544.0 188
229.3396 1547.0 188
229.9988 1550.0 188
230.6525 1545.0 188
231.3116 1547.0 188
231.9653 1552.0 188
232.6245 1553.0 188
233.2947 1551.0 188
233.9484 1552.0 188
234.6075 1552.0 188
235.2612 1561.0 188
235.9204 1558.0 188
236.5741 1565.0 188
237.2333 1566.0 188
237.8870 1570.0 188
238.5571 1563.0 188
239.2163 1577.0 188
239.8700 1580.0 188
240.5292 1587.0 188
241.1829 1590.0 188
241.8420 1592.0 188
242.4957 1597.0 188
243.1549 1598.0 188
243.6987 1612.0 188
244.4843 1615.0 188
245.0116 1619.0 188
245.7916 1623.0 188
246.4508 1627.0 188
246.9836 1638.0 188
247.6373 1641.0 188
248.2965 1646.0 188
248.9667 1657.0 188
249.6094 1670.0 188
250.3894 1665.0 188
250.9167 1673.0 188
251.5759 1684.0 188
252.2186 1693.0 188
252.8723 1704.0 188
253.5260 1706.0 188
254.1852 1714.0 188
254.8279 1727.0 188
255.4816 1737.0 188
256.1353 1745.0 188
256.7944 1750.0 188
257.4371 1764.0 188
258.0908 1781.0 188
258.7500 1827.0 188
261.3867 6073.0 188
262.0294 6033.0 188
262.6831 5844.0 188
263.4686 5754.0 188
264.1223 5690.0 188
264.7650 5605.0 188
265.4187 5567.0 188
266.0779 5433.0 188
266.7316 5358.0 188
267.3743 5290.0 188
268.0280 5226.0 188
268.6871 5132.0 188
269.3408 5093.0 188
269.9835 5030.0 188
270.6372 4983.0 188
271.2964 4910.0 188
271.9501 4804.0 188
272.6093 4757.0 188
273.2465 4686.0 188
273.9056 4653.0 188
274.5593 4571.0 188
275.2185 4530.0 188
275.8722 4484.0 188
276.5149 4437.0 188
277.1686 4415.0 188
277.8278 4377.0 188
278.4814 4401.0 188
279.1406 4430.0 188
279.7943 4501.0 188
280.4370 4551.0 188
281.0907 4651.0 188
281.7499 4692.0 188
282.4036 4772.0 188
283.0573 4837.0 188
283.7000 4954.0 188
284.3591 5032.0 188
285.0128 5113.0 188
285.6665 5219.0 188
286.3257 5208.0 188
286.9684 5079.0 188
290.2478 5034.0 188
290.8905 5027.0 188
296.7297 4759.0 188
297.3724 4717.0 188
298.0261 4690.0 188
298.6688 4677.0 188
299.9652 4688.0 188
300.6244 4667.0 188
302.5580 4579.0 188
303.2172 4555.0 188
303.8544 4551.0 188
304.5135 4522.0 188
305.1563 4528.0 188
305.9363 3371.0 188
306.5735 3381.0 188
307.2327 3358.0 188
307.8699 3335.0 188
308.5291 3336.0 188
309.1718 3341.0 188
309.8254 3336.0 188
310.4681 3329.0 188
311.1218 3316.0 188
311.7645 3303.0 188
312.4182 3306.0 188
313.0774 3306.0 188
313.7311 3291.0 188
314.3903 3296.0 188
315.0439 3293.0 188
315.7031 3295.0 188
316.3568 3265.0 188
317.0105 3253.0 188
317.6697 3263.0 188
318.3124 3262.0 188
318.9661 3254.0 188
319.6198 3271.0 188
320.2789 3270.0 188
320.9326 3249.0 188
321.5918 3291.0 188
322.2455 3259.0 188
322.9047 3265.0 188
323.5583 3259.0 188
324.2175 3268.0 188
324.8712 3278.0 188
325.5139 3280.0 188
326.1676 3282.0 188
326.8268 3294.0 188
327.4805 3287.0 188
328.1396 3305.0 188
328.7933 3312.0 188
329.4525 3312.0 188
330.1062 3329.0 188
330.7654 3331.0 188
331.4191 3339.0 188
332.0728 3353.0 188
332.7155 3373.0 188
333.3746 3365.0 188
334.0283 3379.0 188
334.6875 3394.0 188
335.3247 3423.0 188
335.9839 3415.0 188
336.6376 3436.0 188
337.2968 3445.0 188
337.9504 3458.0 188
338.5931 3469.0 188
339.2468 3478.0 188
339.9060 3487.0 188
340.5597 3514.0 188
341.2024 3533.0 188
341.8561 3549.0 188
342.5153 3580.0 188
343.1689 3604.0 188
343.8281 3622.0 188
344.4653 3634.0 188
345.1245 3654.0 188
345.7782 3698.0 188
346.4374 3738.0 188
357.9675 150.0 188
358.6212 153.0 188
