#RPLIDAR SCAN DATA
#COUNT=369
#Angule	Distance	Quality
356.1713 1544.0 188
356.8414 1554.0 188
357.5116 1567.0 188
358.1708 1573.0 188
358.8409 1586.0 188
359.5111 1592.0 188
0.1868 1595.0 188
0.8405 1587.0 188
1.4996 1596.0 188
9.9811 1844.0 188
10.6403 1844.0 188
11.2939 1854.0 188
11.8433 1877.0 188
12.4969 1929.0 188
13.1561 1924.0 188
13.8263 1945.0 188
14.4800 1969.0 188
15.1392 1992.0 188
15.8093 2011.0 188
16.4685 2034.0 188
17.1222 2068.0 188
17.7924 2119.0 188
18.4515 2153.0 188
19.1052 2183.0 188
19.7809 2213.0 188
20.4346 2237.0 188
21.1047 2272.0 188
21.7639 2312.0 188
22.4341 2338.0 188
23.1042 2379.0 188
23.6536 2423.0 188
24.3237 2454.0 188
24.9994 2493.0 188
25.6696 2553.0 188
26.3397 2592.0 188
26.9989 2633.0 188
27.6691 2684.0 188
28.3392 2743.0 188
29.0149 2801.0 188
29.6851 2866.0 188
30.3552 2920.0 188
30.9045 2985.0 188
31.5747 3051.0 188
32.2339 3104.0 188
33.4479 5430.0 188
34.1235 5452.0 188
34.7937 5433.0 188
35.4639 5398.0 188
36.1395 5374.0 188
36.8097 5345.0 188
37.4634 5332.0 188
38.1390 5305.0 188
38.8092 5287.0 188
39.4794 5256.0 188
40.1550 5246.0 188
40.8252 5234.0 188
41.4954 5203.0 188
42.1710 5216.0 188
42.8247 5189.0 188
69.5435 5488.0 188
70.2026 5342.0 188
70.8728 5316.0 188
82.9028 5646.0 188
83.5730 5576.0 188
89.5441 491.0 188
90.2142 472.0 188
90.9998 464.0 188
91.9171 460.0 188
92.5928 456.0 188
93.1366 449.0 188
93.9166 444.0 188
94.7186 439.0 188
95.1361 437.0 188
95.9326 433.0 188
96.5918 431.0 188
97.2620 428.0 188
98.3112 426.0 188
98.9813 424.0 188
99.3878 422.0 188
99.9371 420.0 188
100.6073 419.0 188
101.2775 418.0 188
102.3102 416.0 188
102.7332 415.0 188
103.5297 416.0 188
104.1998 417.0 188
104.7327 419.0 188
105.5292 421.0 188
106.0730 422.0 188
106.8750 425.0 188
107.4023 427.0 188
107.9517 428.0 188
108.8745 429.0 188
109.2920 431.0 188
109.9512 431.0 188
110.8575 434.0 188
111.1377 436.0 188
112.0441 438.0 188
112.6978 441.0 188
113.3569 446.0 188
114.0271 448.0 188
114.4336 451.0 188
115.0928 455.0 188
115.8728 459.0 188
116.2793 462.0 188
116.9330 466.0 188
117.7295 470.0 188
118.5150 472.0 188
119.0424 475.0 188
119.5752 478.0 188
120.1080 482.0 188
121.0144 486.0 188
121.4209 490.0 188
122.2174 497.0 188
122.6239 506.0 188
123.4039 516.0 188
123.6841 530.0 188
126.6998 3949.0 188
135.7800 153.0 188
136.4502 153.0 188
137.1204 153.0 188
137.7960 154.0 188
138.4662 154.0 188
139.1364 155.0 188
139.7955 157.0 188
140.4657 158.0 188
142.4817 163.0 188
143.1519 162.0 188
143.8110 163.0 188
144.4812 163.0 188
145.1514 163.0 188
145.8270 164.0 188
146.4972 166.0 188
148.4967 172.0 188
149.1669 172.0 188
149.8425 172.0 188
150.2655 173.0 188
150.9357 173.0 188
151.6058 174.0 188
152.2650 176.0 188
152.9352 179.0 188
154.9512 193.0 188
155.6213 197.0 188
156.2915 200.0 188
163.6249 190.0 188
164.2786 189.0 188
164.9487 190.0 188
165.6244 190.0 188
165.7782 191.0 188
166.9482 192.0 188
167.6239 193.0 188
167.6514 196.0 188
168.9478 198.0 188
162.1198 4421.0 188
162.7789 4290.0 188
163.4491 4109.0 188
164.1248 3921.0 188
164.9048 3726.0 188
165.5750 3591.0 188
166.2451 3439.0 188
166.9043 3333.0 188
167.5745 3184.0 188
173.0292 2574.0 188
173.6993 2473.0 188
174.3585 2413.0 188
175.0287 2351.0 188
175.6989 2306.0 188
176.4844 2259.0 188
177.1545 2227.0 188
177.8247 2177.0 188
178.4839 2130.0 188
179.1541 2077.0 188
179.8242 2030.0 188
180.4834 1987.0 188
181.1536 1955.0 188
181.9501 1917.0 188
182.6093 1878.0 188
183.2794 1856.0 188
183.9496 1825.0 188
184.6088 1789.0 188
185.2789 1758.0 188
185.9491 1726.0 188
186.6083 1711.0 188
187.4048 1678.0 188
187.9486 1661.0 188
188.6078 1633.0 188
189.2780 1605.0 188
190.0745 1587.0 188
190.7336 1566.0 188
191.4038 1539.0 188
192.0740 1522.0 188
192.7332 1505.0 188
193.4033 1484.0 188
194.1998 1473.0 188
194.7491 1479.0 188
205.6366 190.0 188
206.3123 188.0 188
222.3578 3535.0 188
223.0280 3677.0 188
223.5773 3822.0 188
224.2310 4105.0 188
224.9011 4186.0 188
225.5768 4375.0 188
226.2469 4639.0 188
226.9171 4947.0 188
227.5763 5226.0 188
228.2465 5444.0 188
232.1356 8467.0 188
232.8113 8588.0 188
233.4814 8671.0 188
234.1516 8636.0 188
234.8108 8650.0 188
235.4810 8608.0 188
236.1511 8567.0 188
236.8268 8699.0 188
237.4969 8629.0 188
238.1671 8527.0 188
238.8428 8595.0 188
239.5129 8561.0 188
240.1666 8561.0 188
240.8423 8574.0 188
241.5125 8554.0 188
242.1826 8608.0 188
242.8583 8657.0 188
243.5284 8608.0 188
246.8738 8734.0 188
247.5439 8671.0 188
248.8898 7909.0 188
249.5599 7772.0 188
250.2301 7772.0 188
250.8893 7828.0 188
251.5594 7811.0 188
252.2296 7840.0 188
252.9053 7880.0 188
257.0306 4488.0 188
258.3545 4236.0 188
259.0302 4076.0 188
260.3430 3834.0 188
261.1395 3687.0 188
261.7932 3593.0 188
262.4634 3485.0 188
263.1226 3390.0 188
263.7762 3318.0 188
264.4519 3248.0 188
265.1056 3161.0 188
265.7813 3081.0 188
266.4349 2995.0 188
267.0886 2927.0 188
267.7643 2898.0 188
268.5443 2830.0 188
269.2145 2776.0 188
269.8737 2717.0 188
270.5273 2725.0 188
271.2030 2739.0 188
271.8567 2764.0 188
272.5269 2784.0 188
273.1860 2792.0 188
273.8397 2798.0 188
274.5154 2847.0 188
275.0427 2875.0 188
275.7184 2899.0 188
276.3721 2926.0 188
277.0422 2945.0 188
277.7014 2974.0 188
278.3551 3005.0 188
279.0308 3036.0 188
279.6844 3059.0 188
280.3546 3101.0 188
281.0138 3137.0 188
281.6840 3169.0 188
282.3431 3193.0 188
283.0133 3225.0 188
283.6670 3262.0 188
284.3427 3294.0 188
284.9963 3349.0 188
285.6665 3373.0 188
286.3257 3364.0 188
286.9958 3349.0 188
287.6550 3338.0 188
288.3087 3281.0 188
288.9844 3247.0 188
289.6381 3227.0 188
290.3082 3202.0 188
290.9674 3160.0 188
291.6376 3122.0 188
292.2968 3105.0 188
292.9669 3095.0 188
293.6206 3055.0 188
294.2963 3024.0 188
294.9500 3007.0 188
295.6201 2981.0 188
296.2793 2966.0 188
296.9495 2930.0 188
297.7295 2903.0 188
298.4052 2890.0 188
299.0588 2875.0 188
299.6082 2872.0 188
300.4047 2848.0 188
301.0583 2833.0 188
301.6077 2797.0 188
302.4042 2697.0 188
303.0579 2710.0 188
303.7335 2748.0 188
304.4037 2735.0 188
305.0574 2721.0 188
305.7330 2710.0 188
306.4032 2695.0 188
307.0624 2683.0 188
307.7325 2678.0 188
308.4027 2658.0 188
309.0729 2650.0 188
309.7321 2646.0 188
310.4022 2636.0 188
311.0779 2622.0 188
311.7316 2608.0 188
312.4017 2603.0 188
313.0774 2587.0 188
313.7311 2595.0 188
314.4012 2571.0 188
315.0769 2566.0 188
315.7306 2562.0 188
316.4063 2549.0 188
317.0764 2544.0 188
317.7301 2542.0 188
318.4058 2538.0 188
319.5758 1426.0 188
320.2460 1417.0 188
320.9052 1418.0 188
321.5588 1411.0 188
322.2290 1408.0 188
322.8882 1405.0 188
323.4210 1407.0 188
324.0912 1400.0 188
324.7449 1409.0 188
325.5304 1405.0 188
326.2006 1409.0 188
326.8542 1398.0 188
327.5134 1399.0 188
328.1836 1401.0 188
328.8428 1404.0 188
329.4965 1399.0 188
330.1666 1402.0 188
330.8258 1402.0 188
331.3586 1399.0 188
332.1552 1409.0 188
332.8088 1404.0 188
333.4680 1406.0 188
334.1382 1408.0 188
334.7919 1409.0 188
335.3247 1410.0 188
336.1212 1408.0 188
336.7804 1412.0 188
337.4341 1419.0 188
338.1042 1426.0 188
338.6371 1423.0 188
339.2963 1421.0 188
339.9664 1424.0 188
340.7465 1432.0 188
341.4166 1443.0 188
342.0758 1443.0 188
342.7460 1444.0 188
343.2953 1439.0 188
343.9655 1436.0 188
344.7455 1438.0 188
345.2948 1442.0 188
345.9650 1445.0 188
346.6406 1451.0 188
347.4207 1473.0 188
357.0886 148.0 188
