#RPLIDAR SCAN DATA
#COUNT=379
#Angule	Distance	Quality
356.3855 1306.0 188
357.0612 1324.0 188
357.7313 1329.0 188
358.4015 1343.0 188
359.0771 1353.0 188
359.7308 1348.0 188
0.4010 1340.0 188
1.0767 1330.0 188
9.6240 1588.0 188
10.2942 1584.0 188
10.9479 1592.0 188
11.6235 1609.0 188
12.1509 1636.0 188
12.8101 1648.0 188
13.4802 1674.0 188
14.1394 1689.0 188
14.8096 1715.0 188
15.4688 1743.0 188
16.1224 1765.0 188
16.7926 1796.0 188
17.4518 1823.0 188
18.1219 1848.0 188
18.7811 1881.0 188
19.3085 1915.0 188
19.9841 1955.0 188
20.6378 2003.0 188
21.3080 2070.0 188
21.9672 2110.0 188
22.6208 2152.0 188
23.2965 2193.0 188
23.9502 2241.0 188
24.6204 2275.0 188
25.2795 2337.0 188
25.8124 2392.0 188
26.4825 2444.0 188
27.1362 2488.0 188
27.8119 2560.0 188
28.4656 2620.0 188
29.1357 2687.0 188
29.8114 2770.0 188
30.4816 2848.0 188
31.1517 2939.0 188
31.7010 3014.0 188
32.3712 3092.0 188
33.0469 3195.0 188
33.7335 3303.0 188
34.4037 3379.0 188
34.9530 5634.0 188
35.6232 5573.0 188
36.2933 5590.0 188
36.9635 5593.0 188
37.6556 5587.0 188
38.3258 5584.0 188
38.9960 5567.0 188
39.6716 5542.0 188
40.3418 5519.0 188
41.0120 5516.0 188
65.6982 5996.0 188
66.3739 5809.0 188
67.1704 5806.0 188
67.8406 5806.0 188
68.3899 5844.0 188
86.9019 389.0 188
87.5775 372.0 188
88.1213 366.0 188
88.9178 358.0 188
90.2142 351.0 188
90.5109 345.0 188
91.0602 342.0 188
92.3566 339.0 188
92.7795 336.0 188
93.2025 334.0 188
94.3726 332.0 188
94.7955 330.0 188
95.3394 328.0 188
96.6357 327.0 188
96.9324 325.0 188
97.6245 324.0 188
98.4045 323.0 188
98.9484 321.0 188
99.6240 320.0 188
100.7941 319.0 188
101.0907 318.0 188
101.7499 317.0 188
102.1674 315.0 188
103.2166 315.0 188
104.1394 316.0 188
104.6832 316.0 188
104.9634 318.0 188
106.1389 318.0 188
106.1829 319.0 188
107.1057 321.0 188
107.7759 322.0 188
108.1989 323.0 188
109.1052 325.0 188
109.4019 326.0 188
110.4510 327.0 188
111.1212 328.0 188
111.7969 330.0 188
112.0770 330.0 188
113.1207 332.0 188
113.7964 330.0 188
114.0930 332.0 188
114.7632 334.0 188
115.5432 336.0 188
116.3397 339.0 188
116.5155 342.0 188
117.3120 344.0 188
118.3557 346.0 188
118.9050 348.0 188
119.4324 350.0 188
119.8553 353.0 188
120.5310 356.0 188
121.3275 359.0 188
121.7450 362.0 188
122.5415 365.0 188
123.2007 369.0 188
123.6237 372.0 188
124.5465 376.0 188
124.9640 380.0 188
125.8868 383.0 188
126.3098 388.0 188
127.0898 394.0 188
127.3865 400.0 188
128.3093 407.0 188
128.4796 416.0 188
129.1553 427.0 188
137.2467 164.0 188
137.9169 162.0 188
138.5925 161.0 188
139.2627 161.0 188
139.9219 161.0 188
140.5920 162.0 188
141.2622 163.0 188
141.9324 165.0 188
142.6080 162.0 188
143.2782 172.0 188
143.9484 170.0 188
144.6075 167.0 188
145.2777 165.0 188
145.9479 164.0 188
146.6235 164.0 188
147.2937 164.0 188
147.9639 165.0 188
148.6395 167.0 188
149.3097 168.0 188
151.0730 178.0 188
151.7487 173.0 188
152.6715 172.0 188
153.3417 170.0 188
154.0118 170.0 188
154.6875 170.0 188
155.3577 171.0 188
155.7806 172.0 188
156.4508 173.0 188
157.1210 175.0 188
157.7966 180.0 188
165.1849 192.0 188
165.8386 191.0 188
166.2616 191.0 188
167.1844 192.0 188
167.8546 193.0 188
168.1403 195.0 188
169.1840 197.0 188
169.8541 201.0 188
163.5260 1805.0 188
164.2017 1747.0 188
164.8553 1691.0 188
165.6519 1615.0 188
166.3275 1568.0 188
166.9977 1517.0 188
167.6514 1483.0 188
168.4479 1462.0 188
168.9972 1434.0 188
173.0127 1578.0 188
173.6719 1570.0 188
174.3420 1575.0 188
175.0122 1568.0 188
175.6824 1583.0 188
176.3580 1594.0 188
177.0117 1601.0 188
177.6874 1617.0 188
178.3575 1619.0 188
179.5770 1868.0 188
180.2307 1878.0 188
180.9009 1898.0 188
181.4502 1908.0 188
182.1204 1921.0 188
182.9169 1944.0 188
183.4662 1957.0 188
184.7955 2004.0 188
186.1359 2059.0 188
187.4817 2092.0 188
188.8110 2148.0 188
193.7933 4694.0 188
205.3125 190.0 188
205.4828 192.0 188
213.2941 3986.0 188
213.9807 4064.0 188
214.6509 4164.0 188
215.3265 4345.0 188
215.9967 4499.0 188
216.6669 4696.0 188
217.3425 4915.0 188
218.0292 5120.0 188
218.6993 5277.0 188
224.6210 8234.0 188
225.2966 8291.0 188
229.3121 8336.0 188
229.9823 8197.0 188
230.6360 8117.0 188
231.3116 8184.0 188
231.9818 8068.0 188
232.6520 8178.0 188
233.3276 8141.0 188
233.9978 8129.0 188
234.6680 8123.0 188
235.3271 8184.0 188
235.9973 8240.0 188
236.6675 8240.0 188
237.3431 8362.0 188
238.6835 8278.0 188
239.3427 8278.0 188
240.0128 8278.0 188
241.3586 7450.0 188
242.0288 7364.0 188
242.6990 7425.0 188
243.3746 7399.0 188
244.0448 7492.0 188
244.7150 7430.0 188
247.5275 4318.0 188
248.8898 4042.0 188
249.6863 3862.0 188
250.3564 3663.0 188
251.0266 3525.0 188
251.7023 3397.0 188
252.3724 3297.0 188
253.0426 3210.0 188
253.7183 3088.0 188
254.4049 2984.0 188
255.0751 2899.0 188
255.8716 2835.0 188
256.5417 2731.0 188
257.2174 2666.0 188
257.8876 2613.0 188
258.5577 2540.0 188
259.2334 2482.0 188
259.9200 2424.0 188
260.5902 2368.0 188
261.3867 2306.0 188
262.0624 2258.0 188
262.7325 2216.0 188
263.4027 2211.0 188
264.0729 2222.0 188
264.7485 2235.0 188
265.4352 2252.0 188
266.0889 2269.0 188
266.7645 2284.0 188
267.2919 2299.0 188
267.9675 2322.0 188
268.7640 2329.0 188
269.2969 2350.0 188
270.0934 2379.0 188
270.6372 2394.0 188
271.2964 2418.0 188
271.9666 2436.0 188
272.6202 2461.0 188
273.2959 2486.0 188
273.9661 2512.0 188
274.6198 2540.0 188
275.2954 2559.0 188
275.9656 2586.0 188
276.6248 2613.0 188
277.2949 2650.0 188
277.9486 2679.0 188
278.6243 2706.0 188
279.2944 2740.0 188
279.9481 2759.0 188
280.6238 2799.0 188
281.2939 2844.0 188
281.9531 2883.0 188
282.4969 2889.0 188
283.1561 2865.0 188
283.9526 2818.0 188
284.6228 2789.0 188
285.2765 2772.0 188
285.9521 2745.0 188
286.6223 2724.0 188
287.2760 2695.0 188
287.9517 2676.0 188
288.6218 2655.0 188
289.2920 2631.0 188
289.9677 2615.0 188
290.6378 2611.0 188
291.2915 2585.0 188
291.9672 2562.0 188
292.6373 2547.0 188
293.3075 2535.0 188
293.9832 2518.0 188
294.6533 2495.0 188
295.3125 2474.0 188
295.9827 2461.0 188
296.6528 2453.0 188
297.3230 2430.0 188
297.9987 2414.0 188
298.6688 2406.0 188
299.3390 2401.0 188
299.9982 2388.0 188
300.7947 2370.0 188
301.3385 2354.0 188
302.1405 2341.0 188
303.4808 2316.0 188
304.0137 2318.0 188
304.6838 2309.0 188
305.4803 2304.0 188
306.0297 2288.0 188
306.6998 2277.0 188
307.4963 2267.0 188
308.0457 2257.0 188
308.8257 2268.0 188
309.4958 2251.0 188
310.1715 2254.0 188
310.8417 2247.0 188
311.5118 2234.0 188
312.1875 2231.0 188
312.8412 2225.0 188
313.5114 2221.0 188
314.1870 2223.0 188
314.8572 2216.0 188
315.5273 2208.0 188
316.2030 2199.0 188
316.8567 2204.0 188
317.5269 2203.0 188
318.2025 2200.0 188
318.8727 2195.0 188
319.5428 2195.0 188
320.2185 2190.0 188
320.8887 2193.0 188
321.5424 2194.0 188
322.2180 2194.0 188
322.8882 2193.0 188
323.5583 2190.0 188
324.2340 2208.0 188
324.9042 2188.0 188
325.5579 2198.0 188
326.2335 2205.0 188
326.9037 2197.0 188
327.5739 2207.0 188
328.2495 2009.0 188
329.0460 1762.0 188
329.8425 1542.0 188
330.6226 1383.0 188
331.2927 1264.0 188
332.2156 1166.0 188
332.8857 1115.0 188
333.5614 1115.0 188
334.2151 1116.0 188
334.7644 1116.0 188
335.5609 1120.0 188
336.2311 1125.0 188
336.9012 1125.0 188
337.5604 1130.0 188
338.2306 1133.0 188
338.7799 1135.0 188
339.4501 1144.0 188
340.1202 1146.0 188
340.9167 1150.0 188
341.5759 1154.0 188
342.1198 1157.0 188
342.7954 1164.0 188
343.5919 1169.0 188
344.2621 1173.0 188
344.7949 1181.0 188
345.4651 1181.0 188
346.1353 1189.0 188
346.8109 1194.0 188
347.4811 1215.0 188
357.6984 149.0 188
358.3740 152.0 188
