#RPLIDAR SCAN DATA
#COUNT=375
#Angule	Distance	Quality
356.5887 1141.0 188
357.2644 1146.0 188
357.8082 1155.0 188
358.4839 1161.0 188
359.1376 1171.0 188
359.9341 1179.0 188
0.6042 1168.0 188
9.0417 1391.0 188
9.7009 1374.0 188
10.3711 1379.0 188
11.0468 1387.0 188
11.5906 1402.0 188
12.3706 1415.0 188
12.9199 1435.0 188
13.7164 1438.0 188
14.2603 1442.0 188
15.0458 1458.0 188
15.5896 1476.0 188
16.2653 1499.0 188
16.9354 1521.0 188
17.6056 1546.0 188
18.2648 1566.0 188
18.9349 1585.0 188
19.4843 1612.0 188
20.1544 1636.0 188
20.8081 1659.0 188
21.4838 1687.0 188
22.1539 1717.0 188
22.8241 1735.0 188
23.4998 1776.0 188
24.1534 1795.0 188
24.8236 1826.0 188
25.3729 1860.0 188
26.1694 1887.0 188
26.7023 1938.0 188
27.3724 1976.0 188
28.0426 2015.0 188
28.7183 2059.0 188
29.3884 2111.0 188
30.0421 2169.0 188
30.7178 2260.0 188
31.3879 2327.0 188
31.9373 2391.0 188
32.6074 2453.0 188
33.2776 2506.0 188
33.9478 2597.0 188
34.6234 2670.0 188
35.3101 2767.0 188
35.9802 2830.0 188
36.5295 2938.0 188
37.1997 3012.0 188
37.8864 3117.0 188
38.5620 3245.0 188
39.2322 3338.0 188
39.9188 3479.0 188
41.1383 5751.0 188
41.6821 5803.0 188
42.3743 5760.0 188
43.1708 5751.0 188
43.8409 5717.0 188
44.5276 5696.0 188
45.1978 5735.0 188
45.8734 5687.0 188
68.6041 6608.0 188
69.2798 6245.0 188
69.9500 6033.0 188
70.6091 6033.0 188
81.3867 6489.0 188
88.4509 445.0 188
89.5111 425.0 188
90.0604 415.0 188
90.9833 406.0 188
91.5271 399.0 188
92.2137 394.0 188
93.1366 390.0 188
93.8123 387.0 188
94.4989 385.0 188
95.0427 383.0 188
95.9656 380.0 188
96.6522 378.0 188
97.4487 375.0 188
98.1244 374.0 188
98.6847 372.0 188
99.7339 370.0 188
100.0305 368.0 188
100.5908 367.0 188
101.4972 365.0 188
102.1674 364.0 188
102.7167 364.0 188
103.2495 365.0 188
104.1669 365.0 188
104.9634 366.0 188
105.5127 367.0 188
106.2927 369.0 188
106.9684 369.0 188
107.6385 371.0 188
108.0450 372.0 188
108.8416 374.0 188
109.2645 375.0 188
110.3082 376.0 188
110.7147 375.0 188
111.3904 375.0 188
112.0605 376.0 188
112.4670 378.0 188
113.3899 380.0 188
113.9337 384.0 188
114.4830 386.0 188
115.5103 388.0 188
115.8124 390.0 188
116.4825 392.0 188
117.3889 394.0 188
117.8119 396.0 188
118.3557 399.0 188
119.0259 402.0 188
119.5587 405.0 188
120.6079 408.0 188
121.0309 412.0 188
121.7010 415.0 188
122.2449 419.0 188
123.1677 422.0 188
123.5907 427.0 188
124.2609 432.0 188
124.9365 438.0 188
125.6067 446.0 188
126.1560 453.0 188
126.5900 465.0 188
127.2656 480.0 188
136.2964 160.0 188
136.9830 161.0 188
137.6532 161.0 188
138.3234 161.0 188
138.9990 161.0 188
139.6692 162.0 188
140.3394 163.0 188
141.0150 165.0 188
141.6852 167.0 188
142.3718 163.0 188
142.7948 175.0 188
143.7177 168.0 188
144.3878 167.0 188
145.0580 167.0 188
145.7336 167.0 188
146.4038 167.0 188
147.0740 168.0 188
147.7606 170.0 188
148.4198 171.0 188
150.1831 175.0 188
150.8588 176.0 188
151.5289 175.0 188
152.1991 176.0 188
152.8748 176.0 188
153.5449 178.0 188
154.2151 180.0 188
156.9012 203.0 188
157.5769 208.0 188
166.3110 192.0 188
166.9812 191.0 188
167.6514 191.0 188
168.3270 192.0 188
168.9972 193.0 188
169.6674 194.0 188
170.3430 196.0 188
171.0132 198.0 188
164.8114 1528.0 188
165.4816 1538.0 188
166.1517 1545.0 188
166.8274 1548.0 188
167.4976 1562.0 188
168.1677 1562.0 188
168.8434 1571.0 188
169.5135 1565.0 188
170.1837 1535.0 188
176.1053 1864.0 188
176.6547 1878.0 188
177.4512 1888.0 188
177.9950 1904.0 188
178.6707 1916.0 188
179.3408 1926.0 188
180.0110 1948.0 188
180.6866 1959.0 188
181.3568 1971.0 188
182.0270 1990.0 188
182.7026 2009.0 188
184.0430 2048.0 188
184.7186 2064.0 188
186.0590 2107.0 188
186.7291 2120.0 188
188.0750 2158.0 188
189.4208 2204.0 188
192.1234 2217.0 188
193.4637 2175.0 188
194.1394 2175.0 188
205.3125 190.0 188
205.9827 191.0 188
203.8568 5649.0 188
213.4039 3739.0 188
213.9478 3814.0 188
214.7498 3927.0 188
215.2936 4042.0 188
215.9637 4153.0 188
216.6394 4304.0 188
217.3096 4443.0 188
217.9797 4624.0 188
218.6554 4793.0 188
219.3256 4976.0 188
225.9338 7932.0 188
226.6040 8032.0 188
227.2797 7990.0 188
231.9818 7990.0 188
232.6520 7932.0 188
233.3276 7938.0 188
233.9978 7938.0 188
234.6680 7932.0 188
235.3436 7914.0 188
236.0138 7990.0 188
236.6840 7967.0 188
237.3541 7985.0 188
238.0298 7955.0 188
238.7000 7885.0 188
239.3701 7874.0 188
240.0458 7967.0 188
240.7159 7955.0 188
241.3861 7990.0 188
242.0618 7985.0 188
242.7319 7938.0 188
244.0778 7145.0 188
244.7479 7145.0 188
245.4181 7150.0 188
246.0938 7178.0 188
246.7639 7164.0 188
247.4506 7221.0 188
251.7462 3634.0 188
252.4219 3484.0 188
253.1085 3353.0 188
253.7787 3240.0 188
254.4489 3102.0 188
255.1355 2986.0 188
255.8112 2893.0 188
256.6077 2815.0 188
257.2778 2693.0 188
257.9645 2635.0 188
258.6401 2559.0 188
259.3103 2482.0 188
259.9969 2417.0 188
260.6671 2351.0 188
261.4636 2286.0 188
262.1393 2235.0 188
262.8259 2187.0 188
263.4961 2145.0 188
264.1718 2086.0 188
264.8584 2040.0 188
265.5286 2002.0 188
266.1987 1961.0 188
266.9952 1935.0 188
267.5610 1946.0 188
268.2312 1955.0 188
269.0277 1968.0 188
269.5935 1988.0 188
270.2472 1999.0 188
270.9174 2012.0 188
271.5765 2036.0 188
272.2467 2044.0 188
272.9169 2057.0 188
273.5760 2085.0 188
274.2462 2096.0 188
274.9219 2124.0 188
275.5756 2138.0 188
276.2457 2158.0 188
276.9214 2181.0 188
277.5751 2200.0 188
278.2452 2218.0 188
278.9209 2255.0 188
279.4482 2265.0 188
280.1239 2293.0 188
280.7941 2324.0 188
281.4478 2349.0 188
282.1234 2375.0 188
282.7936 2403.0 188
283.4528 2434.0 188
284.1229 2454.0 188
284.7931 2496.0 188
285.4523 2527.0 188
286.1224 2564.0 188
286.7926 2596.0 188
287.4518 2635.0 188
288.1219 2642.0 188
288.7921 2622.0 188
289.4513 2583.0 188
290.1215 2561.0 188
290.7916 2542.0 188
291.4673 2525.0 188
292.1375 2498.0 188
292.8076 2483.0 188
293.4833 2459.0 188
294.1534 2452.0 188
294.8236 2433.0 188
295.4993 2421.0 188
296.1694 2404.0 188
296.8396 2386.0 188
297.5153 2373.0 188
298.1854 2356.0 188
298.9819 2338.0 188
299.5313 2320.0 188
300.3278 2316.0 188
300.9979 2296.0 188
301.5417 2286.0 188
302.3438 2275.0 188
303.0139 2255.0 188
303.6841 2252.0 188
304.3542 2240.0 188
305.0299 2230.0 188
305.7001 2221.0 188
306.3702 2208.0 188
307.0459 2204.0 188
307.7161 2195.0 188
308.3862 2193.0 188
309.0619 2185.0 188
309.7321 2171.0 188
310.4022 2159.0 188
311.0779 2152.0 188
311.7480 2141.0 188
312.4347 2143.0 188
313.0884 2139.0 188
313.7640 2129.0 188
314.4342 2129.0 188
315.1044 2113.0 188
315.7800 2112.0 188
316.4502 2111.0 188
317.1204 2099.0 188
317.7960 2102.0 188
318.4497 2098.0 188
319.1199 2088.0 188
319.7955 2088.0 188
320.4657 2090.0 188
321.1359 2090.0 188
321.8115 2082.0 188
322.4817 2085.0 188
323.1519 2086.0 188
323.8110 2082.0 188
324.4812 2078.0 188
325.1514 2071.0 188
325.8270 2071.0 188
326.4972 2065.0 188
327.1674 2071.0 188
327.8430 2071.0 188
328.5132 2071.0 188
329.1669 2079.0 188
329.8425 2082.0 188
330.5127 2085.0 188
331.1829 2086.0 188
331.8585 2090.0 188
332.5287 2100.0 188
333.1989 2098.0 188
333.8745 2104.0 188
334.5447 2099.0 188
335.2148 2096.0 188
335.8905 2117.0 188
336.5607 2129.0 188
337.2308 2135.0 188
337.9010 2141.0 188
338.5767 2022.0 188
339.2468 1916.0 188
340.0433 1819.0 188
340.7135 1739.0 188
341.3892 1659.0 188
342.1857 1580.0 188
342.8558 1507.0 188
343.6523 1454.0 188
344.2017 1404.0 188
344.9982 1349.0 188
345.6683 1298.0 188
346.4648 1253.0 188
347.1405 1218.0 188
357.3743 148.0 188
358.0444 150.0 188
