#RPLIDAR SCAN DATA
#COUNT=402
#Angule	Distance	Quality
356.4954 1664.0 188
357.1545 1615.0 188
357.8247 1549.0 188
358.4949 1497.0 188
359.2969 1463.0 188
359.8407 1415.0 188
0.6372 1362.0 188
9.4647 1236.0 188
10.1239 1232.0 188
10.7941 1237.0 188
11.4642 1241.0 188
12.1399 1254.0 188
12.8101 1264.0 188
13.4802 1272.0 188
14.0295 1288.0 188
14.6832 1294.0 188
15.3589 1308.0 188
16.0291 1321.0 188
16.6992 1330.0 188
17.3584 1346.0 188
18.0286 1360.0 188
18.6987 1371.0 188
19.3744 1384.0 188
20.0446 1399.0 188
20.6982 1414.0 188
21.3739 1431.0 188
21.9177 1447.0 188
22.7142 1459.0 188
23.2471 1478.0 188
23.9172 1499.0 188
24.5929 1512.0 188
25.2631 1534.0 188
25.9332 1552.0 188
26.5924 1576.0 188
27.2626 1560.0 188
27.9327 1580.0 188
28.6084 1606.0 188
29.2621 1629.0 188
29.9323 1655.0 188
30.4816 1675.0 188
31.1517 1698.0 188
31.8274 1729.0 188
32.4811 1751.0 188
33.1512 1780.0 188
33.8269 1807.0 188
34.4971 1840.0 188
35.1672 1869.0 188
35.7001 1896.0 188
36.3702 1932.0 188
37.0459 1979.0 188
37.7161 2000.0 188
38.3862 2043.0 188
39.0454 2086.0 188
39.7156 2119.0 188
40.3857 2172.0 188
41.0614 2229.0 188
41.7316 2311.0 188
42.2644 2403.0 188
42.9346 2450.0 188
43.6047 2496.0 188
44.2804 2580.0 188
44.9506 2644.0 188
45.6207 2725.0 188
46.2799 2801.0 188
46.8237 2872.0 188
47.4994 2977.0 188
48.1696 3068.0 188
48.8397 3192.0 188
49.4989 3284.0 188
50.1691 3392.0 188
50.8392 3504.0 188
51.5149 3649.0 188
51.9324 5850.0 188
52.5916 5973.0 188
53.2617 5956.0 188
53.9374 5863.0 188
54.7339 5895.0 188
55.2777 5841.0 188
56.0742 5812.0 188
56.6235 5797.0 188
57.2937 5797.0 188
81.5735 6084.0 188
82.2491 6087.0 188
82.9028 6224.0 188
87.8741 376.0 188
88.7805 365.0 188
89.3243 359.0 188
90.2472 353.0 188
90.6702 347.0 188
91.7029 342.0 188
92.7466 337.0 188
93.2959 335.0 188
93.5760 333.0 188
94.7461 331.0 188
95.1691 330.0 188
95.5920 328.0 188
96.4984 327.0 188
97.1686 326.0 188
97.8387 324.0 188
98.4979 324.0 188
99.6680 322.0 188
100.2173 321.0 188
100.6403 320.0 188
101.1676 319.0 188
102.2168 318.0 188
102.8870 318.0 188
103.5571 317.0 188
104.3427 316.0 188
104.7656 315.0 188
105.3094 316.0 188
106.2323 317.0 188
106.6553 319.0 188
107.6990 320.0 188
107.9956 321.0 188
109.0448 322.0 188
109.7150 324.0 188
110.2643 325.0 188
110.7916 327.0 188
111.7145 328.0 188
112.0111 330.0 188
112.6868 331.0 188
112.9834 333.0 188
114.2798 334.0 188
114.7028 336.0 188
115.2466 334.0 188
115.6696 335.0 188
116.5924 337.0 188
117.5153 339.0 188
117.7954 343.0 188
118.2184 347.0 188
119.0149 351.0 188
119.8114 353.0 188
120.3552 356.0 188
121.1517 358.0 188
121.8274 362.0 188
122.1240 366.0 188
123.1677 369.0 188
123.4644 373.0 188
124.0137 378.0 188
124.7937 382.0 188
125.2167 387.0 188
126.1395 392.0 188
126.5625 397.0 188
127.1063 404.0 188
127.6556 410.0 188
128.5730 419.0 188
128.9960 432.0 188
129.2761 449.0 188
136.9666 163.0 188
137.6367 161.0 188
138.3124 162.0 188
138.9825 162.0 188
139.6362 162.0 188
140.3119 163.0 188
140.9821 165.0 188
141.6522 167.0 188
143.6682 170.0 188
144.3384 168.0 188
144.9976 168.0 188
145.6677 168.0 188
146.3434 168.0 188
147.0135 169.0 188
147.6837 170.0 188
148.1067 172.0 188
150.1062 176.0 188
150.7764 174.0 188
151.4520 175.0 188
152.1222 175.0 188
152.7924 176.0 188
153.4680 177.0 188
154.1382 179.0 188
154.8083 181.0 188
165.5310 191.0 188
166.1847 191.0 188
166.8549 191.0 188
167.5305 192.0 188
168.2007 193.0 188
168.8708 195.0 188
169.5465 197.0 188
170.2167 201.0 188
163.6359 2548.0 188
164.4214 2257.0 188
165.0916 2082.0 188
165.8881 1944.0 188
166.5582 1831.0 188
167.2339 1621.0 188
168.0304 1483.0 188
168.8269 1392.0 188
173.5126 1481.0 188
174.0619 1454.0 188
174.8584 1455.0 188
175.4022 1465.0 188
176.1987 1480.0 188
176.8744 1478.0 188
177.4182 1479.0 188
178.0884 1482.0 188
178.7476 1491.0 188
179.4177 1506.0 188
180.0934 1497.0 188
180.7635 1502.0 188
181.3074 1714.0 188
181.9830 1708.0 188
182.6532 1721.0 188
183.3234 1726.0 188
183.9990 1741.0 188
184.6692 1748.0 188
185.3394 1755.0 188
185.9985 1770.0 188
186.6687 1778.0 188
187.3389 1788.0 188
188.0145 1798.0 188
188.6847 1816.0 188
189.3549 1825.0 188
190.0305 1845.0 188
190.7007 1858.0 188
191.3544 1873.0 188
192.0300 1882.0 188
192.7002 1899.0 188
193.3704 1914.0 188
194.0460 1927.0 188
194.7162 1944.0 188
205.7300 191.0 188
203.2965 2115.0 188
203.9667 2048.0 188
204.6368 2071.0 188
205.3125 2039.0 188
219.3091 2902.0 188
219.8584 2953.0 188
220.5286 3014.0 188
221.2152 3092.0 188
221.8854 3168.0 188
222.5610 3231.0 188
223.2312 3324.0 188
223.9014 3399.0 188
224.5770 3477.0 188
225.2472 3567.0 188
225.9174 3711.0 188
226.4667 3808.0 188
227.1368 3924.0 188
227.8235 4061.0 188
228.4991 4171.0 188
229.1693 4355.0 188
229.8395 4480.0 188
230.5151 4665.0 188
231.1853 4876.0 188
231.8555 5041.0 188
234.4208 6053.0 188
238.4637 7880.0 188
239.1394 7851.0 188
243.8416 7840.0 188
244.5117 7857.0 188
245.1874 7794.0 188
245.8575 7806.0 188
246.5277 7857.0 188
247.1979 7840.0 188
247.8735 7874.0 188
248.5437 7851.0 188
249.2303 7862.0 188
249.8895 7862.0 188
250.5597 7851.0 188
251.2134 7823.0 188
251.8890 7806.0 188
252.5592 7880.0 188
253.2184 7811.0 188
253.8885 7874.0 188
254.5587 7845.0 188
255.8881 7216.0 188
256.5417 7052.0 188
257.2174 7042.0 188
257.8876 7061.0 188
258.5468 7061.0 188
259.2169 7084.0 188
259.8871 7131.0 188
261.9965 4231.0 188
262.6666 4045.0 188
263.3423 3850.0 188
264.1223 3652.0 188
264.7925 3539.0 188
265.4681 3378.0 188
266.1218 3291.0 188
266.7920 3158.0 188
267.4512 3036.0 188
268.1213 2942.0 188
268.9178 2868.0 188
269.5770 2790.0 188
270.2472 2694.0 188
270.9174 2632.0 188
271.5765 2553.0 188
272.2467 2487.0 188
272.9169 2425.0 188
273.7134 2359.0 188
274.3726 2298.0 188
275.0427 2257.0 188
275.7184 2204.0 188
276.3885 2165.0 188
277.0587 2120.0 188
277.7179 2067.0 188
278.3881 2028.0 188
279.0582 1990.0 188
279.7339 1956.0 188
280.5139 1914.0 188
281.0577 1876.0 188
281.7334 1884.0 188
282.5299 1900.0 188
283.0737 1910.0 188
283.7329 1937.0 188
284.4031 1948.0 188
285.1996 1961.0 188
285.7489 1985.0 188
286.4026 1998.0 188
287.0728 2014.0 188
287.7484 2034.0 188
288.4186 2047.0 188
289.0887 2071.0 188
289.7479 2094.0 188
290.4181 2111.0 188
291.0938 2134.0 188
291.7639 2152.0 188
292.4341 2174.0 188
293.0933 2208.0 188
293.7634 2227.0 188
294.4171 2258.0 188
295.0928 2286.0 188
295.7465 2313.0 188
296.2958 2345.0 188
296.9659 2375.0 188
297.6196 2409.0 188
298.2953 2438.0 188
298.9490 2470.0 188
299.6246 2522.0 188
300.2948 2554.0 188
300.9485 2591.0 188
301.6241 2641.0 188
302.2778 2628.0 188
302.9480 2604.0 188
303.6237 2571.0 188
304.2773 2554.0 188
304.9530 2530.0 188
305.6067 2512.0 188
306.2769 2492.0 188
306.9525 2475.0 188
307.6062 2459.0 188
308.2764 2451.0 188
308.9355 2433.0 188
309.6057 2422.0 188
310.2759 2404.0 188
310.9351 2388.0 188
311.6052 2378.0 188
312.2644 2356.0 188
313.0609 2342.0 188
313.7311 2331.0 188
314.2639 2327.0 188
314.9341 2321.0 188
315.7306 2302.0 188
316.4063 2285.0 188
316.9501 2277.0 188
317.7301 2260.0 188
318.4058 2255.0 188
319.0759 2249.0 188
319.7461 2247.0 188
320.4218 2238.0 188
321.0754 2230.0 188
321.7456 2220.0 188
322.4213 2218.0 188
323.0914 2206.0 188
323.7616 2199.0 188
324.4373 2191.0 188
325.0909 2184.0 188
325.7611 2163.0 188
326.4368 2162.0 188
327.1069 2166.0 188
327.7771 2160.0 188
328.4363 2159.0 188
329.1064 2154.0 188
329.7766 2156.0 188
330.4523 2151.0 188
331.1224 2146.0 188
331.7761 2143.0 188
332.4518 2140.0 188
333.1219 2141.0 188
333.7921 2141.0 188
334.4678 2132.0 188
335.1379 2135.0 188
335.7916 2123.0 188
336.4673 2135.0 188
337.1375 2136.0 188
337.7966 2129.0 188
338.4668 2135.0 188
339.1370 2127.0 188
339.7961 2133.0 188
340.4663 2134.0 188
341.1365 2133.0 188
341.7957 2136.0 188
342.4658 2136.0 188
343.1360 2144.0 188
343.7952 2144.0 188
344.4653 2145.0 188
345.1355 2146.0 188
345.8112 2151.0 188
346.4648 2160.0 188
347.1405 2189.0 188
357.1875 149.0 188
