#RPLIDAR SCAN DATA
#COUNT=391
#Angule	Distance	Quality
356.3251 1989.0 188
356.9843 1980.0 188
357.6544 1982.0 188
358.4344 1964.0 188
358.9838 1966.0 188
359.6375 1965.0 188
0.3076 1955.0 188
0.9668 1923.0 188
9.6075 2017.0 188
10.2777 2000.0 188
10.9369 1991.0 188
11.6071 1986.0 188
12.2607 1991.0 188
12.9364 1993.0 188
13.5901 1994.0 188
14.2603 1997.0 188
14.9359 2004.0 188
15.5896 2003.0 188
16.2653 2014.0 188
16.9354 2023.0 188
17.6056 2027.0 188
18.2813 2038.0 188
18.9514 2039.0 188
19.6051 2050.0 188
20.2808 2057.0 188
20.9509 2062.0 188
21.6211 2070.0 188
22.2968 2083.0 188
22.9669 2083.0 188
23.6206 2092.0 188
24.2963 2105.0 188
24.9664 2109.0 188
25.6366 2125.0 188
26.3123 2143.0 188
26.9824 2153.0 188
27.6526 2164.0 188
28.3118 2124.0 188
28.9819 2067.0 188
29.6521 2019.0 188
30.4486 1974.0 188
31.1243 1935.0 188
31.7944 1889.0 188
32.4481 1845.0 188
33.1238 1808.0 188
33.7939 1778.0 188
34.4641 1740.0 188
35.1398 1706.0 188
35.9363 1678.0 188
36.4801 1643.0 188
37.2656 1613.0 188
37.9358 1583.0 188
38.6060 1555.0 188
39.2761 1534.0 188
39.9518 1511.0 188
40.6055 1491.0 188
41.4020 1466.0 188
41.9513 1448.0 188
42.7478 1425.0 188
43.4180 1404.0 188
44.0771 1382.0 188
44.7473 1366.0 188
45.4175 1349.0 188
46.0931 1331.0 188
46.7633 1318.0 188
47.4335 1303.0 188
48.2135 1281.0 188
48.8892 1267.0 188
49.5593 1256.0 188
50.1086 1269.0 188
50.9052 1286.0 188
51.4325 1300.0 188
52.1082 1318.0 188
52.7783 1333.0 188
53.4485 1350.0 188
54.1241 1374.0 188
54.7778 1389.0 188
55.4480 1414.0 188
55.9973 1441.0 188
56.6675 1467.0 188
57.4640 1493.0 188
58.0133 1514.0 188
58.6670 1543.0 188
59.3427 1565.0 188
60.0128 1596.0 188
60.6665 1615.0 188
61.2158 1641.0 188
61.8860 1676.0 188
62.5452 1697.0 188
63.2153 1732.0 188
63.8855 1766.0 188
64.5447 1785.0 188
65.2148 1800.0 188
65.8905 1833.0 188
66.5442 1872.0 188
67.2144 1923.0 188
67.7637 1980.0 188
68.4338 2026.0 188
69.0930 2062.0 188
69.7632 2113.0 188
70.4333 2164.0 188
71.0925 2220.0 188
74.9652 2815.0 188
75.5145 2864.0 188
76.1847 2975.0 188
76.8384 3078.0 188
81.2933 6400.0 188
81.9635 6174.0 188
82.6392 6163.0 188
83.3093 6149.0 188
83.9795 6132.0 188
84.6552 6128.0 188
99.5911 426.0 188
100.3876 414.0 188
100.9369 406.0 188
101.4807 400.0 188
102.2772 395.0 188
102.8265 390.0 188
103.8867 386.0 188
104.4196 383.0 188
105.0897 381.0 188
105.8698 380.0 188
106.6718 379.0 188
107.0728 378.0 188
107.9956 377.0 188
108.6713 376.0 188
108.9514 376.0 188
109.6216 376.0 188
110.6543 375.0 188
111.0773 374.0 188
111.9946 373.0 188
112.4011 373.0 188
113.4503 373.0 188
114.1040 372.0 188
114.4061 373.0 188
115.3235 373.0 188
116.1090 374.0 188
116.4056 376.0 188
117.0593 379.0 188
117.9822 381.0 188
118.4052 383.0 188
119.1852 385.0 188
119.8553 387.0 188
120.1355 389.0 188
121.1847 392.0 188
121.4813 394.0 188
122.2614 397.0 188
123.1842 395.0 188
123.3435 402.0 188
124.5135 397.0 188
125.1837 399.0 188
125.5902 403.0 188
126.0132 409.0 188
126.6833 415.0 188
127.4799 420.0 188
128.0292 423.0 188
128.6993 429.0 188
129.4958 435.0 188
129.9188 441.0 188
130.4681 448.0 188
131.0120 455.0 188
131.9348 463.0 188
132.4841 469.0 188
138.0267 163.0 188
138.7024 161.0 188
139.3726 161.0 188
140.0427 161.0 188
140.7019 161.0 188
141.3721 162.0 188
142.0422 163.0 188
142.7179 164.0 188
143.3881 165.0 188
144.0582 166.0 188
144.7339 168.0 188
145.4041 171.0 188
146.0742 169.0 188
146.4972 181.0 188
147.1674 173.0 188
148.0902 172.0 188
148.5132 172.0 188
149.1833 172.0 188
149.8590 173.0 188
150.5292 174.0 188
151.1829 175.0 188
151.8585 177.0 188
152.5287 180.0 188
163.8721 184.0 188
164.5422 184.0 188
165.2014 183.0 188
165.8716 183.0 188
166.5417 184.0 188
167.2009 186.0 188
167.8711 187.0 188
168.5468 189.0 188
169.2169 191.0 188
169.8706 195.0 188
163.0426 5794.0 188
163.7183 5775.0 188
175.1056 5573.0 188
175.7648 5544.0 188
176.4349 5533.0 188
177.1051 5516.0 188
177.7808 5508.0 188
179.0771 1571.0 188
179.7473 1567.0 188
180.4175 1564.0 188
181.0931 1565.0 188
181.7468 1563.0 188
182.4170 1564.0 188
183.0927 1562.0 188
183.7628 1563.0 188
184.4330 1565.0 188
185.1086 1564.0 188
185.7788 1565.0 188
186.4490 1571.0 188
187.1082 1571.0 188
187.7783 1572.0 188
188.4485 1576.0 188
189.1241 1578.0 188
189.7943 1572.0 188
190.4645 1572.0 188
191.1237 1601.0 188
191.6675 1736.0 188
192.3431 1753.0 188
193.0133 1756.0 188
193.6835 1761.0 188
194.3591 1764.0 188
205.3729 190.0 188
205.7959 192.0 188
203.0603 1853.0 188
203.7140 1859.0 188
204.3896 1866.0 188
205.0598 1869.0 188
205.7300 1866.0 188
214.3103 2037.0 188
214.9805 2053.0 188
215.6561 2062.0 188
219.1223 1924.0 188
219.7925 1949.0 188
221.6711 2213.0 188
223.0115 2267.0 188
224.8901 2327.0 188
235.4810 3439.0 188
236.2775 2618.0 188
236.9531 2652.0 188
237.6068 2693.0 188
238.2770 2728.0 188
238.9526 2781.0 188
239.6228 2827.0 188
240.1666 2882.0 188
240.8423 2935.0 188
241.5125 2999.0 188
242.1716 3034.0 188
242.8418 3088.0 188
243.5120 3160.0 188
244.1821 3233.0 188
244.8578 3279.0 188
245.5280 3359.0 188
246.1871 3447.0 188
246.8573 3537.0 188
247.5275 3619.0 188
248.2031 3712.0 188
248.8733 3820.0 188
249.4171 3919.0 188
250.0928 4016.0 188
250.7629 4127.0 188
251.4331 4244.0 188
252.1088 4382.0 188
252.7789 4522.0 188
253.4491 4675.0 188
261.3867 7629.0 188
262.0624 7651.0 188
262.7325 7624.0 188
263.4027 7624.0 188
268.7805 7602.0 188
269.4507 7430.0 188
270.1208 7576.0 188
270.7965 7539.0 188
271.4832 7565.0 188
272.1368 7560.0 188
272.7960 7497.0 188
273.4662 7523.0 188
274.1199 7486.0 188
274.7955 7549.0 188
275.4492 7518.0 188
276.1249 7518.0 188
276.7786 7565.0 188
277.4323 7513.0 188
278.1079 7576.0 188
278.7616 7586.0 188
279.4373 7299.0 188
280.0909 6702.0 188
280.7611 6624.0 188
281.4203 6592.0 188
282.0905 6604.0 188
282.7496 6661.0 188
283.4033 6640.0 188
284.1998 4263.0 188
286.3092 3659.0 188
286.9794 3529.0 188
287.6385 3362.0 188
288.2922 3243.0 188
288.9679 3082.0 188
289.6216 2944.0 188
290.2917 2849.0 188
291.0773 2736.0 188
291.7474 2632.0 188
292.4011 2559.0 188
293.0768 2478.0 188
293.7305 2401.0 188
294.5270 2311.0 188
295.2026 2247.0 188
295.8728 2191.0 188
296.5430 2139.0 188
297.2186 2077.0 188
297.8723 2027.0 188
298.5425 1976.0 188
299.3390 1928.0 188
300.0146 1882.0 188
300.6848 1838.0 188
301.3550 1799.0 188
302.0142 1764.0 188
302.6843 1723.0 188
303.3545 1693.0 188
304.0302 1647.0 188
304.8267 1614.0 188
305.4968 1591.0 188
306.1670 1556.0 188
306.8262 1540.0 188
307.4963 1506.0 188
308.1665 1479.0 188
308.8422 1469.0 188
309.5123 1481.0 188
310.1825 1490.0 188
310.8417 1508.0 188
311.5118 1518.0 188
312.1875 1535.0 188
312.8577 1541.0 188
313.5278 1567.0 188
314.1980 1586.0 188
314.8737 1597.0 188
315.5273 1614.0 188
316.2030 1631.0 188
316.7303 1647.0 188
317.4060 1669.0 188
318.0762 1685.0 188
318.7299 1706.0 188
319.4055 1723.0 188
320.0757 1748.0 188
320.7294 1774.0 188
321.4050 1794.0 188
322.0587 1819.0 188
322.7344 1838.0 188
323.4045 1862.0 188
324.0582 1881.0 188
324.7339 1913.0 188
325.4041 1948.0 188
325.9369 1978.0 188
326.6071 2006.0 188
327.2607 2038.0 188
327.9364 2062.0 188
328.6066 2097.0 188
329.2603 2131.0 188
329.9359 2170.0 188
330.6061 2212.0 188
331.2653 2246.0 188
331.9354 2285.0 188
332.5891 2281.0 188
333.2648 2267.0 188
333.9349 2239.0 188
334.5886 2219.0 188
335.2643 2209.0 188
335.9344 2198.0 188
336.5936 2185.0 188
337.2638 2174.0 188
337.9340 2153.0 188
338.6041 2147.0 188
339.2633 2137.0 188
339.9335 2131.0 188
340.6091 2122.0 188
341.2793 2110.0 188
341.9330 2096.0 188
342.6086 2084.0 188
343.2788 2082.0 188
343.9490 2071.0 188
344.6082 2064.0 188
345.2783 2061.0 188
345.9485 2057.0 188
346.6241 2047.0 188
357.3248 150.0 188
357.9950 150.0 188
358.6707 151.0 188
