#RPLIDAR SCAN DATA
#COUNT=405
#Angule	Distance	Quality
356.0449 2034.0 188
356.6986 2024.0 188
357.3743 2023.0 188
358.0444 2002.0 188
358.6981 1981.0 188
359.3738 1973.0 188
0.0439 1957.0 188
0.7031 1924.0 188
9.4812 1888.0 188
10.1404 1867.0 188
10.8105 1846.0 188
11.4642 1833.0 188
12.1399 1833.0 188
12.7936 1825.0 188
13.4637 1823.0 188
14.1229 1821.0 188
14.7931 1821.0 188
15.4523 1814.0 188
16.1224 1814.0 188
16.7761 1811.0 188
17.4518 1808.0 188
18.1055 1810.0 188
18.7811 1801.0 188
19.4348 1801.0 188
20.1050 1800.0 188
20.7642 1794.0 188
21.4343 1793.0 188
22.0935 1788.0 188
22.7637 1786.0 188
23.4174 1787.0 188
24.0930 1790.0 188
24.7467 1795.0 188
25.4169 1795.0 188
26.0760 1797.0 188
26.7462 1790.0 188
27.4054 1798.0 188
28.0756 1800.0 188
28.7457 1803.0 188
29.4214 1801.0 188
30.0916 1803.0 188
30.7617 1810.0 188
31.4374 1805.0 188
32.1075 1814.0 188
32.7777 1815.0 188
33.4479 1813.0 188
34.1235 1818.0 188
34.7937 1823.0 188
35.4639 1823.0 188
36.1395 1830.0 188
36.8097 1837.0 188
37.4799 1838.0 188
38.1390 1845.0 188
38.8092 1855.0 188
39.4794 1858.0 188
40.0287 1868.0 188
40.8252 1869.0 188
41.3745 1872.0 188
42.1710 1878.0 188
42.8412 1891.0 188
43.3905 1895.0 188
44.1870 1906.0 188
44.8572 1920.0 188
45.5273 1924.0 188
46.0767 1929.0 188
46.7468 1938.0 188
47.4170 1949.0 188
48.0927 1961.0 188
48.7463 1970.0 188
49.4165 1985.0 188
50.0922 1996.0 188
50.7623 2003.0 188
51.4325 2018.0 188
52.1082 2026.0 188
52.7618 2041.0 188
53.4375 2053.0 188
54.1077 2057.0 188
54.7778 2087.0 188
55.4480 2103.0 188
56.1237 2121.0 188
56.7773 2105.0 188
57.4530 2077.0 188
58.1232 2042.0 188
58.7933 2015.0 188
59.4635 1975.0 188
60.2655 1948.0 188
60.9357 1909.0 188
61.5894 1879.0 188
62.2650 1851.0 188
62.9352 1820.0 188
63.6053 1799.0 188
64.2810 1778.0 188
64.9512 1748.0 188
65.6049 1733.0 188
66.2805 1705.0 188
66.9507 1686.0 188
67.7472 1665.0 188
68.2965 1641.0 188
69.0930 1623.0 188
69.7632 1604.0 188
70.4169 1582.0 188
71.0925 1560.0 188
75.1245 1468.0 188
75.7947 1458.0 188
76.5912 1455.0 188
77.2614 1403.0 188
80.6232 1391.0 188
81.2933 1365.0 188
81.9635 1352.0 188
82.6392 1346.0 188
83.3093 1343.0 188
83.9795 1368.0 188
84.6552 1398.0 188
85.1990 1430.0 188
85.8746 1459.0 188
86.5448 1481.0 188
87.2150 1522.0 188
87.8906 1556.0 188
88.5608 1593.0 188
89.2310 1625.0 188
89.9011 1673.0 188
90.4504 1709.0 188
91.1206 1756.0 188
91.7798 1802.0 188
92.4500 1851.0 188
92.9828 1903.0 188
93.7793 1927.0 188
94.4495 1964.0 188
94.9823 2022.0 188
95.6525 2087.0 188
96.3281 2163.0 188
99.6075 425.0 188
100.6512 414.0 188
101.3269 407.0 188
101.7334 402.0 188
102.5299 397.0 188
103.4528 391.0 188
104.2328 387.0 188
104.7766 383.0 188
105.5731 381.0 188
106.3586 380.0 188
106.6553 380.0 188
107.5781 378.0 188
108.2318 378.0 188
109.0283 376.0 188
109.6985 376.0 188
110.3577 376.0 188
111.1542 375.0 188
111.8243 375.0 188
112.1045 375.0 188
113.0273 374.0 188
113.5767 374.0 188
114.2303 374.0 188
114.7797 374.0 188
115.3235 374.0 188
116.3562 375.0 188
116.6528 377.0 188
117.5757 379.0 188
118.1250 382.0 188
119.0424 384.0 188
119.3390 386.0 188
120.3882 389.0 188
120.6848 392.0 188
121.4813 394.0 188
122.2778 397.0 188
122.7008 399.0 188
123.1238 399.0 188
124.1675 407.0 188
124.5905 401.0 188
125.1398 402.0 188
125.8099 407.0 188
126.7163 413.0 188
127.2656 421.0 188
127.8094 425.0 188
128.6060 430.0 188
128.9026 435.0 188
129.6991 443.0 188
130.4956 450.0 188
136.4667 168.0 188
137.1368 167.0 188
137.8125 167.0 188
138.4827 168.0 188
139.1528 168.0 188
139.8230 169.0 188
140.4987 170.0 188
141.1688 171.0 188
142.9047 173.0 188
143.5748 173.0 188
144.2450 174.0 188
144.9042 173.0 188
145.5743 174.0 188
146.2500 175.0 188
146.9037 177.0 188
148.9032 181.0 188
149.5734 179.0 188
150.2490 179.0 188
150.9027 179.0 188
151.5729 180.0 188
152.2485 180.0 188
152.9022 181.0 188
153.8251 183.0 188
154.2480 187.0 188
156.2476 202.0 188
156.9012 205.0 188
164.9213 192.0 188
165.5750 191.0 188
166.2451 192.0 188
166.9208 192.0 188
167.5909 193.0 188
168.2446 195.0 188
168.9203 197.0 188
169.5905 199.0 188
162.7625 4317.0 188
163.4216 4372.0 188
164.0918 4419.0 188
164.7620 4477.0 188
165.4321 4561.0 188
166.0913 4639.0 188
166.7615 4675.0 188
167.4371 4769.0 188
168.1073 4841.0 188
168.7610 4813.0 188
174.1058 5693.0 188
174.6552 5822.0 188
175.3253 5979.0 188
175.9955 6033.0 188
176.6711 6181.0 188
177.3413 6181.0 188
178.0115 6184.0 188
178.6871 6170.0 188
179.3573 6174.0 188
180.0275 6135.0 188
180.7031 6108.0 188
181.3733 6060.0 188
182.0435 6050.0 188
182.7136 6016.0 188
188.7616 6097.0 188
192.7496 1765.0 188
193.4198 1772.0 188
194.0900 1765.0 188
194.7656 1769.0 188
205.1202 192.0 188
205.7794 191.0 188
202.1210 1716.0 188
202.7966 1721.0 188
203.4668 1723.0 188
204.1370 1804.0 188
204.6863 1892.0 188
205.4663 1882.0 188
206.1365 1854.0 188
213.4973 1934.0 188
214.0466 1933.0 188
214.7168 1942.0 188
215.5133 1946.0 188
216.1670 1948.0 188
216.7163 1951.0 188
217.3865 1949.0 188
218.0621 1964.0 188
218.7323 1972.0 188
219.4025 1974.0 188
220.0616 1976.0 188
220.7318 1986.0 188
221.4020 1997.0 188
222.0776 2004.0 188
222.7478 2018.0 188
223.4180 2015.0 188
224.0936 2028.0 188
224.7638 2030.0 188
225.4340 2053.0 188
226.1041 2064.0 188
226.7798 2067.0 188
227.4500 2087.0 188
228.1201 2090.0 188
228.7958 2087.0 188
230.8118 1981.0 188
231.4819 1963.0 188
232.1521 1962.0 188
234.8438 2212.0 188
236.8542 2259.0 188
237.5299 2270.0 188
239.5459 2329.0 188
250.1532 2559.0 188
250.8234 2546.0 188
251.4990 2551.0 188
252.1527 2592.0 188
252.8229 2621.0 188
253.4985 2654.0 188
254.1687 2693.0 188
254.8389 2721.0 188
255.5145 2762.0 188
256.1847 2793.0 188
256.8549 2858.0 188
257.4042 2922.0 188
258.0743 2929.0 188
258.7500 2968.0 188
259.4202 3032.0 188
260.0903 3083.0 188
260.7605 3132.0 188
261.4362 3190.0 188
262.1063 3246.0 188
262.7655 3303.0 188
263.4192 3370.0 188
264.0894 3437.0 188
264.7485 3503.0 188
265.4187 3583.0 188
266.0779 3667.0 188
266.7480 3749.0 188
267.2809 3816.0 188
267.9510 3938.0 188
268.6047 4021.0 188
269.2804 4119.0 188
269.9341 4212.0 188
270.6042 4350.0 188
271.2634 4462.0 188
271.9336 4581.0 188
275.9052 5411.0 188
279.1077 6620.0 188
281.0907 7435.0 188
281.7609 7430.0 188
282.4200 7420.0 188
289.1052 7319.0 188
290.4510 7260.0 188
291.1212 7265.0 188
291.7804 7250.0 188
292.4506 7226.0 188
293.1207 7289.0 188
293.7964 7379.0 188
294.4666 7265.0 188
295.1367 7324.0 188
295.8124 7260.0 188
296.4661 7285.0 188
297.1362 7319.0 188
297.8119 7319.0 188
298.4821 7329.0 188
299.1522 7299.0 188
299.8279 6493.0 188
300.4816 6393.0 188
301.1517 6400.0 188
301.8274 6385.0 188
302.4976 6416.0 188
303.1677 6442.0 188
306.0901 3270.0 188
306.7493 3083.0 188
307.4194 2904.0 188
308.2159 2816.0 188
308.8696 2646.0 188
309.5453 2555.0 188
310.2155 2439.0 188
310.8746 2345.0 188
311.6711 2245.0 188
312.3413 2176.0 188
312.9950 2106.0 188
313.6707 2029.0 188
314.3408 1965.0 188
315.0000 1904.0 188
315.7965 1836.0 188
316.4667 1789.0 188
317.1204 1751.0 188
317.7960 1697.0 188
318.4662 1648.0 188
319.2462 1608.0 188
319.9219 1564.0 188
320.5920 1524.0 188
321.3721 1492.0 188
322.0422 1461.0 188
322.5916 1430.0 188
323.3716 1394.0 188
324.0417 1368.0 188
324.7174 1338.0 188
325.3711 1313.0 188
326.0468 1292.0 188
326.8433 1263.0 188
327.4969 1236.0 188
328.1671 1215.0 188
328.8428 1194.0 188
329.5129 1178.0 188
330.1831 1184.0 188
330.8423 1193.0 188
331.5125 1205.0 188
332.1826 1211.0 188
332.8583 1222.0 188
333.5284 1235.0 188
334.1821 1250.0 188
334.8578 1257.0 188
335.5280 1272.0 188
336.1981 1286.0 188
336.7474 1297.0 188
337.4176 1318.0 188
338.0768 1329.0 188
338.7469 1344.0 188
339.4171 1361.0 188
340.0928 1376.0 188
340.7629 1390.0 188
341.2958 1411.0 188
342.0923 1431.0 188
342.6361 1452.0 188
343.3118 1465.0 188
343.9819 1483.0 188
344.6356 1507.0 188
345.3113 1527.0 188
345.9814 1553.0 188
346.6516 1576.0 188
347.3273 1612.0 188
357.1216 148.0 188
357.7917 149.0 188
358.4509 152.0 188
