#RPLIDAR SCAN DATA
#COUNT=424
#Angule	Distance	Quality
356.7810 1144.0 188
357.3248 1167.0 188
357.9950 1195.0 188
358.6542 1218.0 188
359.3243 1245.0 188
0.0000 1271.0 188
0.5273 1285.0 188
9.6240 1892.0 188
10.2777 1869.0 188
10.9479 1839.0 188
11.6235 1828.0 188
12.2772 1828.0 188
12.9529 1821.0 188
13.6230 1819.0 188
14.2932 1810.0 188
14.9634 1812.0 188
15.6390 1802.0 188
16.3092 1806.0 188
16.9794 1799.0 188
17.6550 1795.0 188
18.3252 1798.0 188
18.9954 1792.0 188
19.6710 1795.0 188
20.3412 1788.0 188
21.0114 1795.0 188
21.6870 1784.0 188
22.3572 1793.0 188
23.0273 1793.0 188
23.7030 1783.0 188
24.3732 1784.0 188
25.0433 1783.0 188
25.7135 1785.0 188
26.3892 1780.0 188
27.0593 1792.0 188
27.7295 1790.0 188
28.4052 1791.0 188
29.0753 1793.0 188
29.7455 1795.0 188
30.4211 1787.0 188
31.0913 1792.0 188
31.7615 1796.0 188
32.4371 1807.0 188
33.1073 1809.0 188
33.7775 1814.0 188
34.4531 1817.0 188
35.1233 1820.0 188
35.7770 1818.0 188
36.4526 1821.0 188
37.1228 1823.0 188
37.7930 1830.0 188
38.4686 1842.0 188
39.1388 1840.0 188
39.8090 1845.0 188
40.4791 1846.0 188
41.1548 1849.0 188
41.8250 1859.0 188
42.4951 1872.0 188
43.0444 1875.0 188
43.8409 1874.0 188
44.5111 1886.0 188
45.1868 1897.0 188
45.7306 1909.0 188
46.3898 1916.0 188
47.1863 1920.0 188
47.7301 1927.0 188
48.5266 1938.0 188
49.0759 1951.0 188
49.8724 1962.0 188
50.4218 1974.0 188
51.0919 1987.0 188
51.7621 2000.0 188
52.4323 2014.0 188
53.1079 2024.0 188
53.7781 2037.0 188
54.4482 2045.0 188
55.1239 2054.0 188
55.7941 2077.0 188
56.4642 2084.0 188
57.1234 2101.0 188
57.7936 2116.0 188
58.4637 2134.0 188
59.1394 2149.0 188
59.8096 2166.0 188
60.4797 2186.0 188
61.1554 2202.0 188
61.8256 2219.0 188
62.4792 2240.0 188
63.1549 2259.0 188
63.8251 2270.0 188
64.3744 2299.0 188
65.1709 2337.0 188
65.7147 2356.0 188
66.5112 2339.0 188
67.1869 2311.0 188
67.8406 2281.0 188
68.5107 2262.0 188
69.1864 2227.0 188
69.8566 2205.0 188
70.5267 2182.0 188
71.2024 2166.0 188
75.2179 2028.0 188
75.8881 2011.0 188
76.5582 1993.0 188
77.2339 1944.0 188
80.7166 1921.0 188
81.3867 1877.0 188
82.0624 1861.0 188
82.7325 1842.0 188
83.4027 1833.0 188
84.0729 1815.0 188
84.7485 1809.0 188
85.4187 1800.0 188
86.0889 1780.0 188
86.7645 1774.0 188
87.4347 1761.0 188
88.1049 1753.0 188
88.7915 1741.0 188
89.4672 1737.0 188
90.1373 1723.0 188
90.8075 1711.0 188
91.4832 1712.0 188
92.1533 1753.0 188
92.8235 1800.0 188
93.4991 1847.0 188
94.1693 1899.0 188
94.7186 1961.0 188
95.3888 2030.0 188
96.0590 2093.0 188
96.7291 2147.0 188
97.4048 2230.0 188
102.1234 372.0 188
102.8101 364.0 188
103.5901 359.0 188
104.3866 354.0 188
105.1666 349.0 188
106.0895 345.0 188
106.6223 341.0 188
106.9189 339.0 188
107.8418 336.0 188
108.2483 336.0 188
109.2920 334.0 188
110.1984 334.0 188
110.2478 333.0 188
111.4178 333.0 188
111.9507 332.0 188
112.3737 332.0 188
113.2800 331.0 188
113.8239 331.0 188
114.8730 330.0 188
115.1532 330.0 188
116.3232 330.0 188
116.8561 330.0 188
117.0264 330.0 188
117.9492 329.0 188
118.6084 329.0 188
119.4049 329.0 188
120.0586 330.0 188
120.2344 331.0 188
120.9045 333.0 188
121.6846 335.0 188
122.6074 336.0 188
122.8876 339.0 188
123.4369 341.0 188
124.7333 343.0 188
124.7607 346.0 188
125.5573 348.0 188
126.3593 350.0 188
126.9031 353.0 188
127.4524 356.0 188
128.1226 355.0 188
128.6719 362.0 188
129.4684 360.0 188
129.8859 363.0 188
130.8087 367.0 188
131.1053 372.0 188
131.9019 377.0 188
132.6984 382.0 188
133.2477 386.0 188
133.6707 390.0 188
134.3408 397.0 188
135.1373 405.0 188
140.1855 164.0 188
140.8557 163.0 188
141.5259 163.0 188
142.2015 164.0 188
142.8717 164.0 188
143.5419 164.0 188
144.2175 165.0 188
144.8877 166.0 188
145.5579 167.0 188
146.2335 169.0 188
146.9037 171.0 188
147.5739 171.0 188
148.6670 177.0 188
149.3427 175.0 188
149.9963 175.0 188
150.6665 175.0 188
151.3257 176.0 188
151.9958 178.0 188
152.6715 179.0 188
153.3252 181.0 188
153.9954 185.0 188
163.3228 184.0 188
163.9819 185.0 188
164.6521 183.0 188
165.3278 184.0 188
165.9814 184.0 188
166.6516 185.0 188
167.3108 187.0 188
167.9810 188.0 188
168.2776 191.0 188
169.3103 194.0 188
162.4823 4859.0 188
163.1525 4917.0 188
163.8116 4963.0 188
164.4818 5006.0 188
165.1520 5070.0 188
165.8276 5164.0 188
166.4978 5221.0 188
167.1680 5311.0 188
167.8436 5313.0 188
174.4354 6477.0 188
175.1056 6385.0 188
175.7813 6389.0 188
176.4514 6385.0 188
177.1216 6340.0 188
177.7917 6307.0 188
178.4674 6245.0 188
179.1376 6209.0 188
179.8077 6188.0 188
181.7798 1895.0 188
182.4500 1887.0 188
183.1201 1876.0 188
183.7958 1866.0 188
184.3396 1860.0 188
185.1361 1852.0 188
185.7953 1848.0 188
186.4655 1835.0 188
187.1356 1835.0 188
187.8113 1823.0 188
188.4814 1817.0 188
189.1516 1811.0 188
189.8273 1799.0 188
190.4974 1794.0 188
191.2939 1448.0 188
191.8433 1831.0 188
192.6233 1561.0 188
193.8428 1944.0 188
194.3866 1944.0 188
205.5432 190.0 188
206.2134 194.0 188
202.4341 1911.0 188
203.1042 1911.0 188
203.9063 1902.0 188
204.5764 1908.0 188
205.2466 1907.0 188
205.9167 1874.0 188
213.1842 1946.0 188
213.8544 1939.0 188
214.5300 1946.0 188
215.2002 1944.0 188
215.8704 1953.0 188
216.6669 1954.0 188
217.2327 1963.0 188
218.0292 1964.0 188
218.4521 2375.0 188
220.0452 1891.0 188
220.7153 1808.0 188
221.3855 1816.0 188
222.6050 2004.0 188
223.2806 2018.0 188
223.9508 2027.0 188
224.6210 2028.0 188
225.2966 2048.0 188
225.9668 2050.0 188
226.6370 2062.0 188
227.3071 2073.0 188
227.9993 2083.0 188
228.6694 2094.0 188
229.3396 2096.0 188
230.0153 2117.0 188
230.6854 2122.0 188
231.3556 2140.0 188
232.0313 2151.0 188
232.7014 2158.0 188
233.3716 2166.0 188
234.0417 2176.0 188
235.3876 2212.0 188
237.4036 2264.0 188
240.0897 2330.0 188
241.6058 12983.0 188
243.8745 3402.0 188
244.6710 2277.0 188
246.0114 2310.0 188
246.8079 2330.0 188
247.3572 2363.0 188
248.0273 2382.0 188
248.7030 2415.0 188
249.3732 2445.0 188
250.0433 2462.0 188
250.7135 2500.0 188
251.3892 2527.0 188
252.0593 2552.0 188
252.7295 2587.0 188
253.4052 2613.0 188
254.0918 2644.0 188
254.7620 2681.0 188
255.4321 2711.0 188
256.1078 2762.0 188
256.7780 2792.0 188
257.4481 2833.0 188
258.0139 2887.0 188
258.6841 2925.0 188
259.3542 2983.0 188
260.0299 3030.0 188
260.7001 3086.0 188
261.3702 3139.0 188
262.0459 3189.0 188
262.7325 3252.0 188
263.4027 3301.0 188
264.0729 3371.0 188
264.7485 3423.0 188
265.4187 3496.0 188
266.0889 3571.0 188
266.7810 3650.0 188
267.4512 3737.0 188
268.1213 3833.0 188
268.6707 3930.0 188
269.3408 4014.0 188
270.0110 4090.0 188
270.7031 4207.0 188
275.3394 5134.0 188
278.5309 6115.0 188
279.2010 6416.0 188
279.8547 6576.0 188
281.1841 7020.0 188
281.8433 7065.0 188
282.5134 7089.0 188
283.1671 7052.0 188
289.8083 6952.0 188
290.4840 6997.0 188
291.1377 6961.0 188
291.8079 6965.0 188
292.4835 6925.0 188
293.1537 6885.0 188
293.8239 6899.0 188
294.4995 6833.0 188
295.1697 6859.0 188
295.8398 6851.0 188
296.5155 6851.0 188
297.1857 6912.0 188
297.8558 6885.0 188
298.5260 6881.0 188
299.2017 6921.0 188
299.8718 6890.0 188
300.5420 6588.0 188
301.2177 6036.0 188
301.8878 6003.0 188
302.5580 5973.0 188
303.2336 5993.0 188
303.9038 6006.0 188
304.5740 6016.0 188
306.8427 3262.0 188
307.5128 3064.0 188
308.1830 2895.0 188
308.9795 2785.0 188
309.6552 2635.0 188
310.3253 2543.0 188
310.9955 2434.0 188
311.6711 2323.0 188
312.4677 2236.0 188
313.1378 2173.0 188
313.8080 2098.0 188
314.4672 2017.0 188
315.2637 1950.0 188
315.9174 1891.0 188
316.5930 1829.0 188
317.2467 1783.0 188
317.9169 1735.0 188
318.5925 1687.0 188
319.2462 1634.0 188
320.0427 1591.0 188
320.7019 1549.0 188
321.3721 1509.0 188
322.0422 1478.0 188
322.8278 1441.0 188
323.4979 1410.0 188
324.1516 1379.0 188
324.8273 1351.0 188
325.4974 1324.0 188
326.1511 1297.0 188
326.9531 1273.0 188
327.6068 1250.0 188
328.2770 1228.0 188
328.9526 1205.0 188
329.6063 1190.0 188
330.2765 1159.0 188
330.9357 1144.0 188
331.6058 1127.0 188
332.4023 1108.0 188
333.0615 1090.0 188
333.7317 1074.0 188
334.5117 1063.0 188
335.1874 1045.0 188
335.7312 1026.0 188
336.5112 1017.0 188
337.1869 1001.0 188
337.8571 989.0 188
338.5272 977.0 188
339.3237 962.0 188
339.8730 950.0 188
340.6696 939.0 188
341.3397 931.0 188
341.9989 920.0 188
342.6691 913.0 188
343.3392 903.0 188
344.1357 894.0 188
344.8114 882.0 188
345.3552 874.0 188
346.1517 865.0 188
346.8274 871.0 188
347.3547 882.0 188
348.1512 906.0 188
357.2150 151.0 188
