#RPLIDAR SCAN DATA
#COUNT=427
#Angule	Distance	Quality
356.5118 1287.0 188
357.1875 1278.0 188
357.8577 1258.0 188
358.6542 1241.0 188
359.3079 1229.0 188
359.9835 1209.0 188
0.7800 1174.0 188
8.7946 1090.0 188
9.4647 1075.0 188
10.1239 1053.0 188
10.9204 1037.0 188
11.5906 1028.0 188
12.2607 1022.0 188
12.9364 1013.0 188
13.6066 1005.0 188
14.2767 997.0 188
14.9524 993.0 188
15.6226 986.0 188
16.4191 979.0 188
17.0892 974.0 188
17.7649 969.0 188
18.3087 963.0 188
19.1052 957.0 188
19.6545 964.0 188
20.4510 947.0 188
21.1047 944.0 188
21.7804 939.0 188
22.4506 931.0 188
23.1207 927.0 188
23.7964 922.0 188
24.4666 919.0 188
25.1367 912.0 188
25.8124 913.0 188
26.4825 909.0 188
27.1527 906.0 188
27.9492 902.0 188
28.4985 899.0 188
29.1687 899.0 188
29.8389 894.0 188
30.5145 889.0 188
31.1847 886.0 188
31.9647 884.0 188
32.5140 883.0 188
33.3105 882.0 188
33.8544 876.0 188
34.6509 877.0 188
35.3265 875.0 188
35.9967 874.0 188
36.5460 872.0 188
37.3260 869.0 188
37.9962 867.0 188
38.6719 867.0 188
39.3420 869.0 188
40.0122 865.0 188
40.5615 867.0 188
41.3580 864.0 188
42.0282 863.0 188
42.6874 865.0 188
43.3575 864.0 188
44.0277 865.0 188
44.6979 862.0 188
45.3735 862.0 188
46.0437 861.0 188
46.7139 863.0 188
47.3895 865.0 188
49.0594 1979.0 188
49.7296 1985.0 188
50.4053 1983.0 188
51.0754 1984.0 188
51.7456 1988.0 188
52.4213 1986.0 188
53.0914 1993.0 188
53.7616 1996.0 188
54.4373 2004.0 188
55.1074 2001.0 188
55.7776 2008.0 188
56.4478 2009.0 188
57.1234 2021.0 188
57.7936 2026.0 188
58.4637 2030.0 188
59.1394 2037.0 188
59.8096 2043.0 188
60.4797 2053.0 188
61.1554 2056.0 188
61.8256 2064.0 188
62.5122 2071.0 188
63.1824 2079.0 188
63.8580 2082.0 188
64.5282 2094.0 188
65.1984 2104.0 188
65.8740 2103.0 188
66.5442 2121.0 188
67.2144 2133.0 188
67.8900 2135.0 188
68.5602 2152.0 188
69.2303 2166.0 188
69.9060 2170.0 188
70.5762 2178.0 188
71.2463 2199.0 188
75.1520 2277.0 188
75.9485 2284.0 188
76.4978 2307.0 188
77.1680 2309.0 188
81.2000 2460.0 188
81.8701 2458.0 188
82.5458 2477.0 188
83.2159 2503.0 188
83.8861 2515.0 188
84.5453 2557.0 188
85.2155 2581.0 188
85.8856 2608.0 188
86.5613 2631.0 188
87.2314 2659.0 188
87.9016 2684.0 188
88.5773 2714.0 188
89.2474 2748.0 188
89.9176 2778.0 188
90.5933 2812.0 188
91.1371 2852.0 188
91.8073 2893.0 188
92.6093 2878.0 188
97.5751 379.0 188
97.8717 370.0 188
98.9044 366.0 188
99.7009 361.0 188
100.3711 357.0 188
100.7941 352.0 188
101.8433 349.0 188
102.2607 346.0 188
102.7936 343.0 188
103.4637 342.0 188
104.3866 341.0 188
105.1831 341.0 188
106.1060 340.0 188
106.2762 340.0 188
107.0618 339.0 188
107.8583 339.0 188
108.7811 338.0 188
109.0778 338.0 188
109.4952 338.0 188
110.6708 338.0 188
110.9674 338.0 188
111.6211 338.0 188
112.5439 337.0 188
113.0933 338.0 188
113.6371 338.0 188
114.4336 338.0 188
115.1093 339.0 188
115.8893 340.0 188
116.3123 342.0 188
117.4823 344.0 188
117.9053 346.0 188
118.3228 349.0 188
119.1248 351.0 188
119.4214 354.0 188
120.3278 357.0 188
120.7452 359.0 188
121.7944 362.0 188
122.0911 365.0 188
123.0139 368.0 188
123.3105 370.0 188
124.0906 369.0 188
124.5135 373.0 188
125.4364 377.0 188
126.1066 383.0 188
126.6559 387.0 188
127.0734 393.0 188
127.8589 396.0 188
128.4027 401.0 188
129.0729 407.0 188
129.8749 414.0 188
130.5450 420.0 188
131.0889 426.0 188
136.2634 157.0 188
136.9171 156.0 188
137.5928 156.0 188
138.2629 156.0 188
138.9331 156.0 188
139.6088 157.0 188
140.2789 158.0 188
140.9326 159.0 188
141.6083 161.0 188
142.2784 159.0 188
142.9486 168.0 188
143.6243 165.0 188
144.2944 163.0 188
144.9646 163.0 188
145.6238 163.0 188
146.2939 163.0 188
146.9641 164.0 188
147.6398 165.0 188
148.3099 167.0 188
150.3259 172.0 188
150.9796 171.0 188
151.6553 172.0 188
152.0728 172.0 188
152.7484 173.0 188
153.4186 174.0 188
154.0887 175.0 188
154.7644 178.0 188
156.7639 192.0 188
165.4816 189.0 188
166.1517 188.0 188
166.8109 188.0 188
167.4811 189.0 188
168.1512 190.0 188
168.8269 192.0 188
169.4971 194.0 188
170.1672 197.0 188
166.0309 4850.0 188
166.7010 4845.0 188
169.3872 4956.0 188
174.7650 5122.0 188
175.4352 5060.0 188
176.1053 5101.0 188
176.7810 5166.0 188
177.4512 5221.0 188
178.1213 5277.0 188
178.7915 5326.0 188
179.4672 5353.0 188
180.1373 5425.0 188
180.7965 5513.0 188
181.4667 5590.0 188
182.1368 5628.0 188
182.8125 5738.0 188
183.8562 2043.0 188
184.5264 2034.0 188
185.2020 2015.0 188
185.8722 1997.0 188
186.5424 1972.0 188
187.2180 1960.0 188
187.8882 1936.0 188
188.5583 1921.0 188
189.2340 1905.0 188
189.9042 1896.0 188
190.7007 1867.0 188
191.3708 1844.0 188
194.4800 2599.0 188
205.7629 190.0 188
206.4331 189.0 188
202.7802 1861.0 188
203.4503 1855.0 188
204.1205 1844.0 188
204.7961 1833.0 188
205.4663 1818.0 188
213.4973 1761.0 188
214.1675 1756.0 188
214.8431 1756.0 188
215.4968 1746.0 188
216.1670 1746.0 188
216.8427 1737.0 188
217.5128 1739.0 188
218.1830 1741.0 188
218.8586 1740.0 188
219.5123 1728.0 188
220.1825 1722.0 188
220.9790 1602.0 188
221.6547 1552.0 188
222.3248 1547.0 188
222.9950 1570.0 188
223.5443 1674.0 188
224.2145 1713.0 188
224.8901 1720.0 188
225.5603 1716.0 188
226.2469 1715.0 188
226.9171 1728.0 188
227.5928 1730.0 188
228.2629 1722.0 188
228.9496 1730.0 188
229.6198 1727.0 188
230.2954 1741.0 188
230.9656 1742.0 188
231.6522 1740.0 188
232.3279 1741.0 188
232.9980 1746.0 188
233.6682 1743.0 188
234.3549 1756.0 188
235.0305 1754.0 188
235.7007 1764.0 188
236.3708 1767.0 188
237.0575 1766.0 188
237.7332 1774.0 188
238.4033 1776.0 188
239.0735 1781.0 188
239.7656 1788.0 188
240.4358 1795.0 188
241.1060 1806.0 188
241.7761 1811.0 188
242.4683 1814.0 188
243.1384 1821.0 188
243.8086 1825.0 188
244.4843 1827.0 188
245.1709 1844.0 188
245.8246 1854.0 188
246.4948 1862.0 188
247.1704 1867.0 188
247.7142 1874.0 188
248.3734 1879.0 188
249.0436 1902.0 188
249.8401 1908.0 188
251.1365 976.0 188
250.9167 2657.0 188
253.1854 1824.0 188
253.8391 1791.0 188
254.5148 1787.0 188
255.1849 1793.0 188
255.8551 1819.0 188
256.5143 1835.0 188
257.1844 1843.0 188
257.8546 1868.0 188
258.5303 1880.0 188
259.1840 1887.0 188
259.8541 1919.0 188
260.4034 1921.0 188
261.0736 1933.0 188
261.7328 1958.0 188
262.4030 1970.0 188
263.0731 1978.0 188
263.7488 2007.0 188
264.4025 2029.0 188
265.0781 2047.0 188
265.7483 2060.0 188
266.4185 2065.0 188
267.0776 2096.0 188
267.7478 2124.0 188
268.4180 2135.0 188
269.0936 2164.0 188
269.7638 2189.0 188
270.4175 2215.0 188
271.0931 2235.0 188
271.7633 2260.0 188
272.3071 2294.0 188
273.1091 2331.0 188
273.6365 2365.0 188
274.3121 2391.0 188
274.9823 2423.0 188
275.6525 2458.0 188
276.3281 2508.0 188
276.9983 2534.0 188
277.6520 2570.0 188
278.3276 2614.0 188
278.9978 2657.0 188
279.6680 2699.0 188
280.3436 2735.0 188
280.9973 2789.0 188
281.6675 2842.0 188
282.2168 2894.0 188
283.0133 2939.0 188
283.5571 2986.0 188
284.2163 3055.0 188
284.8865 3121.0 188
285.5621 3167.0 188
286.2323 3241.0 188
286.9025 3318.0 188
287.5781 3373.0 188
288.2318 3448.0 188
288.9020 3543.0 188
289.5612 3623.0 188
294.7467 4495.0 188
298.7457 5616.0 188
299.2786 5760.0 188
299.9487 6073.0 188
300.6079 6431.0 188
301.2781 6337.0 188
301.9373 6435.0 188
302.6074 6450.0 188
308.5895 6485.0 188
309.2487 6404.0 188
309.9188 6397.0 188
310.5890 6359.0 188
311.2646 6431.0 188
311.9348 6300.0 188
312.5885 6311.0 188
313.2642 6267.0 188
313.9343 6285.0 188
314.6045 6307.0 188
315.2802 6318.0 188
315.9338 6314.0 188
316.6040 6281.0 188
317.2797 6285.0 188
317.9498 6329.0 188
318.6200 6352.0 188
319.2957 6400.0 188
319.9493 6318.0 188
320.6250 6326.0 188
321.2952 6326.0 188
321.9653 6340.0 188
322.6355 6039.0 188
323.4210 5602.0 188
324.0912 5516.0 188
324.7614 5494.0 188
325.4370 5508.0 188
326.1072 5508.0 188
326.7609 5533.0 188
327.4365 5530.0 188
328.1067 5539.0 188
328.7769 5605.0 188
329.4525 5596.0 188
330.1227 5619.0 188
330.9027 3061.0 188
331.6992 2932.0 188
332.3749 2858.0 188
333.0286 2730.0 188
333.6987 2635.0 188
334.3744 2567.0 188
335.0446 2473.0 188
335.6982 2387.0 188
336.4948 2315.0 188
337.1704 2246.0 188
337.8241 2205.0 188
338.4998 2143.0 188
339.1699 2080.0 188
339.8401 2020.0 188
340.4993 1976.0 188
341.1694 1934.0 188
341.9659 1884.0 188
342.6196 1834.0 188
343.2953 1806.0 188
343.9655 1764.0 188
344.6356 1725.0 188
345.2948 1694.0 188
346.0913 1655.0 188
346.7615 1626.0 188
347.4207 1630.0 188
357.2150 150.0 188
357.8906 150.0 188
358.5608 152.0 188
