#RPLIDAR SCAN DATA
#COUNT=435
#Angule	Distance	Quality
356.0889 1611.0 188
356.7645 1602.0 188
357.4347 1588.0 188
358.1049 1565.0 188
358.7805 1558.0 188
359.4507 1538.0 188
0.1208 1522.0 188
0.7965 1492.0 188
8.9484 1442.0 188
9.6240 1420.0 188
10.2942 1399.0 188
10.9644 1382.0 188
11.6400 1374.0 188
12.2937 1368.0 188
12.9639 1362.0 188
13.6395 1355.0 188
14.3097 1348.0 188
14.9799 1346.0 188
15.6555 1338.0 188
16.3257 1331.0 188
16.9958 1329.0 188
17.6550 1322.0 188
18.3252 1318.0 188
18.9954 1313.0 188
19.6710 1311.0 188
20.3412 1307.0 188
21.1377 1300.0 188
21.8079 1294.0 188
22.4835 1294.0 188
23.1537 1289.0 188
23.8239 1290.0 188
24.3567 1283.0 188
25.0269 1279.0 188
25.7025 1274.0 188
26.4990 1280.0 188
27.1692 1271.0 188
27.8394 1271.0 188
28.5150 1271.0 188
29.1852 1270.0 188
29.8553 1269.0 188
30.4047 1268.0 188
31.2012 1265.0 188
31.8549 1261.0 188
32.4042 1264.0 188
33.2007 1267.0 188
33.8708 1267.0 188
34.5465 1270.0 188
35.0903 1264.0 188
35.8868 1269.0 188
36.5625 1269.0 188
37.2327 1268.0 188
37.9028 1268.0 188
38.4521 1266.0 188
39.1223 1268.0 188
39.9188 1270.0 188
40.4681 1271.0 188
41.1383 1274.0 188
41.9348 1282.0 188
42.6050 1284.0 188
43.1708 1292.0 188
43.8409 1288.0 188
44.5111 1291.0 188
45.3076 1295.0 188
45.8569 1296.0 188
46.5271 1299.0 188
47.3401 1304.0 188
47.8894 1308.0 188
48.5596 1308.0 188
49.2297 1313.0 188
50.0262 1319.0 188
50.5756 1328.0 188
51.2457 1332.0 188
51.9324 1342.0 188
52.6080 1349.0 188
53.2782 1359.0 188
54.7943 2524.0 188
55.4810 2532.0 188
56.1511 2551.0 188
56.8268 2562.0 188
57.4969 2576.0 188
58.1671 2586.0 188
58.8428 2605.0 188
59.5294 2621.0 188
60.1996 2625.0 188
60.8698 2633.0 188
61.5454 2660.0 188
62.2156 2680.0 188
62.8857 2688.0 188
63.5614 2706.0 188
64.2316 2725.0 188
64.9017 2739.0 188
65.5774 2768.0 188
66.2476 2772.0 188
66.9177 2794.0 188
67.5934 2817.0 188
68.2635 2833.0 188
68.8074 2862.0 188
69.4830 2888.0 188
70.2960 2906.0 188
70.8398 2927.0 188
74.8718 3111.0 188
75.5420 3113.0 188
76.2177 3154.0 188
76.8878 3217.0 188
81.5900 3441.0 188
82.2656 3404.0 188
82.9358 3374.0 188
83.6060 3337.0 188
84.2651 3297.0 188
84.9353 3278.0 188
85.6055 3245.0 188
86.2811 3207.0 188
86.9513 3180.0 188
87.6050 3156.0 188
88.2806 3134.0 188
88.9508 3101.0 188
89.6210 3077.0 188
90.2802 3046.0 188
90.9503 3024.0 188
91.6205 2996.0 188
92.2961 2979.0 188
92.9663 2966.0 188
93.6200 2944.0 188
94.2957 2921.0 188
95.0922 2902.0 188
99.2615 376.0 188
99.9207 367.0 188
100.3436 362.0 188
101.5137 357.0 188
102.1838 354.0 188
102.9803 350.0 188
103.3868 346.0 188
104.5624 343.0 188
105.1062 340.0 188
105.4028 337.0 188
106.3257 336.0 188
106.8585 335.0 188
107.2760 335.0 188
108.6987 334.0 188
108.9954 334.0 188
109.9182 333.0 188
110.7147 333.0 188
111.1377 333.0 188
111.9342 333.0 188
112.1045 333.0 188
112.7802 333.0 188
113.8074 333.0 188
114.7302 333.0 188
115.1532 332.0 188
115.4498 332.0 188
116.3727 333.0 188
116.7957 333.0 188
117.8394 333.0 188
118.2623 334.0 188
118.9325 336.0 188
119.3555 338.0 188
120.1520 341.0 188
120.8112 344.0 188
121.4813 346.0 188
122.1515 349.0 188
122.7008 351.0 188
123.3710 355.0 188
124.2938 357.0 188
124.5905 361.0 188
125.3870 364.0 188
125.8099 363.0 188
126.8591 366.0 188
127.1558 370.0 188
127.8094 374.0 188
128.4796 379.0 188
129.0289 385.0 188
129.9518 390.0 188
130.2484 394.0 188
131.0449 400.0 188
131.4679 406.0 188
132.2644 413.0 188
138.1091 154.0 188
138.7793 154.0 188
139.4495 154.0 188
140.1196 155.0 188
140.7953 155.0 188
141.4655 157.0 188
142.1356 158.0 188
142.8113 159.0 188
143.4814 160.0 188
144.1516 162.0 188
144.8273 165.0 188
146.8433 171.0 188
147.5134 168.0 188
148.1836 168.0 188
148.8593 169.0 188
149.5294 169.0 188
150.1996 170.0 188
150.8698 171.0 188
151.2927 173.0 188
151.9684 176.0 188
152.6385 180.0 188
164.0149 181.0 188
164.6851 180.0 188
165.3552 179.0 188
166.0309 179.0 188
166.7010 181.0 188
167.3712 182.0 188
168.0469 183.0 188
168.7170 185.0 188
169.3707 188.0 188
170.0464 192.0 188
164.3884 1855.0 188
165.0586 1843.0 188
165.7343 1861.0 188
166.4044 1886.0 188
175.1385 1723.0 188
175.8087 1701.0 188
176.4844 1676.0 188
177.2809 1666.0 188
177.9675 1650.0 188
178.6377 1630.0 188
179.1870 1612.0 188
179.9835 1600.0 188
180.6537 1593.0 188
181.3239 1580.0 188
181.9995 1560.0 188
182.6697 1554.0 188
183.3398 1541.0 188
184.0155 1528.0 188
184.6857 1522.0 188
185.3558 1509.0 188
186.0260 1499.0 188
186.8280 1493.0 188
187.3718 1478.0 188
188.1683 1475.0 188
188.8550 1471.0 188
189.4043 1458.0 188
190.2008 1451.0 188
190.9973 1241.0 188
191.6675 1242.0 188
192.3431 1239.0 188
193.0133 1239.0 188
193.6835 1213.0 188
205.0104 189.0 188
202.9669 1353.0 188
203.6371 1347.0 188
204.3073 1349.0 188
204.9829 1341.0 188
205.6531 1320.0 188
212.3712 1353.0 188
213.0579 1322.0 188
213.7335 1318.0 188
214.4037 1317.0 188
215.0739 1317.0 188
215.7605 1316.0 188
216.4362 1326.0 188
217.1063 1322.0 188
217.7930 1324.0 188
218.4686 1330.0 188
219.1388 1327.0 188
219.8090 1329.0 188
220.4956 1334.0 188
221.1713 1337.0 188
221.8414 1331.0 188
222.5281 1332.0 188
223.1982 1338.0 188
223.8739 1349.0 188
224.5441 1348.0 188
225.2307 1351.0 188
225.9009 1352.0 188
226.5765 1356.0 188
227.2632 1360.0 188
227.9333 1363.0 188
228.6090 1365.0 188
229.2792 1373.0 188
229.9658 1381.0 188
230.6360 1380.0 188
231.3116 1384.0 188
231.9983 1393.0 188
232.9651 1972.0 188
235.6073 1124.0 188
235.5304 2649.0 188
236.8268 1235.0 188
237.4969 1248.0 188
238.1671 1253.0 188
238.8428 1269.0 188
239.3866 1274.0 188
240.0623 1286.0 188
240.8588 1293.0 188
241.4026 1302.0 188
242.0728 1307.0 188
242.7484 1310.0 188
243.4186 1324.0 188
244.0887 1332.0 188
244.7644 1339.0 188
245.4346 1371.0 188
246.1047 1361.0 188
246.7804 1371.0 188
247.4506 1382.0 188
248.1207 1387.0 188
248.7964 1402.0 188
249.4666 1413.0 188
250.1367 1426.0 188
250.8124 1436.0 188
251.3562 1453.0 188
252.0264 1473.0 188
252.7020 1478.0 188
253.3722 1478.0 188
254.0424 1496.0 188
254.7180 1512.0 188
255.3882 1525.0 188
256.0583 1538.0 188
256.7340 1556.0 188
257.4042 1575.0 188
258.0743 1588.0 188
258.6237 1605.0 188
259.4202 1630.0 188
259.9640 1645.0 188
260.7605 1664.0 188
261.3098 1680.0 188
261.9800 1708.0 188
262.6556 1721.0 188
263.3258 1750.0 188
263.9960 1792.0 188
264.6716 1811.0 188
265.3418 1841.0 188
265.8856 1862.0 188
266.5613 1893.0 188
267.2314 1922.0 188
267.9016 1962.0 188
268.5773 1984.0 188
269.2474 2015.0 188
269.9176 2044.0 188
270.5933 2085.0 188
271.2634 2112.0 188
271.9336 2150.0 188
272.6093 2195.0 188
273.2794 2225.0 188
273.9496 2278.0 188
274.5154 2320.0 188
275.2954 2341.0 188
275.8392 2409.0 188
276.5149 2461.0 188
277.1851 2523.0 188
277.8552 2584.0 188
278.5309 2630.0 188
279.1846 2697.0 188
279.8547 2764.0 188
280.5304 2836.0 188
281.0742 2919.0 188
281.7499 2995.0 188
282.4200 3071.0 188
287.6385 4027.0 188
290.9949 5051.0 188
291.6541 5231.0 188
292.3242 5395.0 188
292.9999 5678.0 188
293.5437 6013.0 188
294.2139 6006.0 188
294.8895 6003.0 188
295.5597 6013.0 188
296.2134 6003.0 188
296.8890 6039.0 188
297.5592 6039.0 188
298.2184 6006.0 188
298.8885 5999.0 188
299.5587 6009.0 188
300.2179 6006.0 188
300.8881 5993.0 188
301.5582 5976.0 188
302.3438 5966.0 188
302.8876 5973.0 188
303.5577 5908.0 188
304.2169 5911.0 188
305.0134 5930.0 188
305.6836 5924.0 188
306.3593 5927.0 188
306.8866 5956.0 188
307.5623 5921.0 188
308.2324 5950.0 188
308.8861 5999.0 188
309.5618 6003.0 188
310.2319 6026.0 188
310.8856 6026.0 188
311.5613 6013.0 188
312.2314 6050.0 188
312.8906 6036.0 188
313.5608 5996.0 188
314.2310 6036.0 188
314.8901 6003.0 188
315.5603 6043.0 188
316.2305 5979.0 188
317.0270 5684.0 188
317.6862 5439.0 188
318.3563 5244.0 188
319.0265 5176.0 188
319.7021 5206.0 188
320.3723 5213.0 188
321.0425 5229.0 188
321.7181 5241.0 188
322.3883 5264.0 188
323.0420 5292.0 188
323.7177 5300.0 188
324.3878 5342.0 188
325.0580 5347.0 188
325.7336 5387.0 188
326.4038 5417.0 188
327.0740 5433.0 188
327.7496 5461.0 188
328.4033 5472.0 188
329.0735 5511.0 188
329.8700 2889.0 188
330.5457 2851.0 188
331.3422 2775.0 188
332.0123 2713.0 188
332.6825 2648.0 188
333.3582 2601.0 188
334.0118 2542.0 188
334.6875 2492.0 188
335.3577 2447.0 188
336.0278 2390.0 188
336.6980 2349.0 188
337.5000 2302.0 188
338.1702 2264.0 188
338.8403 2226.0 188
339.4995 2195.0 188
340.1697 2160.0 188
340.8398 2128.0 188
341.5155 2087.0 188
342.1692 2057.0 188
342.8394 2029.0 188
343.5150 1998.0 188
344.3115 1974.0 188
344.9817 1948.0 188
345.6354 1913.0 188
346.3110 1899.0 188
346.9812 1879.0 188
357.5775 149.0 188
358.2477 148.0 188
