#RPLIDAR SCAN DATA
#COUNT=426
#Angule	Distance	Quality
356.0889 2382.0 188
356.7645 2348.0 188
357.5610 2312.0 188
358.2312 2289.0 188
358.7805 2261.0 188
359.5770 2236.0 188
0.2472 2212.0 188
0.9174 2168.0 188
9.6075 1962.0 188
10.2777 1945.0 188
10.9369 1908.0 188
11.7334 1898.0 188
12.3871 1878.0 188
13.0573 1863.0 188
13.7164 1854.0 188
14.3866 1839.0 188
15.0458 1826.0 188
15.7159 1816.0 188
16.3696 1810.0 188
17.0453 1800.0 188
17.7155 1785.0 188
18.3746 1777.0 188
19.0448 1772.0 188
19.6985 1758.0 188
20.3741 1745.0 188
21.0278 1740.0 188
21.6980 1736.0 188
22.3572 1728.0 188
23.0273 1708.0 188
23.8074 1703.0 188
24.3567 1694.0 188
25.0104 1691.0 188
25.8124 1687.0 188
26.3397 1685.0 188
27.0154 1675.0 188
27.8119 1663.0 188
28.3557 1658.0 188
29.1522 1652.0 188
29.8279 1652.0 188
30.4980 1649.0 188
31.0419 1641.0 188
31.7175 1639.0 188
32.5305 1632.0 188
33.2007 1630.0 188
33.8708 1622.0 188
34.5465 1622.0 188
35.2167 1614.0 188
35.8868 1622.0 188
36.4526 1612.0 188
37.2491 1610.0 188
37.9193 1608.0 188
38.5895 1608.0 188
39.1388 1605.0 188
39.9353 1604.0 188
40.6055 1598.0 188
41.2921 1600.0 188
41.9678 1602.0 188
42.6379 1607.0 188
43.3081 1595.0 188
43.9838 1609.0 188
44.6539 1608.0 188
45.3406 1610.0 188
45.8899 1612.0 188
46.6864 1610.0 188
47.3566 1610.0 188
48.0267 1610.0 188
48.7024 1615.0 188
49.3890 1614.0 188
50.0427 1617.0 188
50.7184 1616.0 188
51.2622 1621.0 188
52.0587 1629.0 188
52.7344 1627.0 188
53.4045 1632.0 188
54.0747 1624.0 188
54.7449 1629.0 188
55.4205 1628.0 188
55.9644 1638.0 188
56.6235 1644.0 188
57.2937 1644.0 188
58.0902 1652.0 188
58.7604 1656.0 188
59.4360 1656.0 188
60.1062 1662.0 188
60.6555 1669.0 188
61.3257 1675.0 188
61.9958 1685.0 188
62.6715 1686.0 188
63.3417 1693.0 188
63.9954 1705.0 188
64.6710 1707.0 188
65.3412 1721.0 188
66.0114 1724.0 188
66.6870 1732.0 188
67.3572 1742.0 188
68.0273 1747.0 188
68.7030 1762.0 188
69.3732 1765.0 188
70.0433 1782.0 188
70.7135 1786.0 188
75.0586 3137.0 188
75.7343 3147.0 188
76.4044 3202.0 188
77.0746 3213.0 188
81.7932 3380.0 188
82.4634 3409.0 188
83.1390 3440.0 188
83.8257 3485.0 188
84.4958 3504.0 188
85.1715 3536.0 188
85.8417 3552.0 188
86.5118 3629.0 188
87.1875 3640.0 188
87.8741 3686.0 188
89.8901 3836.0 188
90.5603 3885.0 188
91.1041 3931.0 188
91.9171 3918.0 188
92.4500 3876.0 188
93.2465 3836.0 188
93.9166 3807.0 188
98.3386 367.0 188
98.7451 355.0 188
100.0415 350.0 188
100.5908 345.0 188
101.5137 340.0 188
102.3102 335.0 188
102.7167 332.0 188
103.1396 329.0 188
103.8098 326.0 188
104.8590 324.0 188
105.1392 323.0 188
106.4355 322.0 188
106.8585 321.0 188
107.1552 321.0 188
108.3252 320.0 188
109.2316 319.0 188
109.2810 319.0 188
110.3247 318.0 188
111.2476 318.0 188
111.4014 318.0 188
112.1979 318.0 188
112.6208 317.0 188
113.5437 317.0 188
114.5929 317.0 188
114.8730 317.0 188
115.6696 317.0 188
116.3397 317.0 188
116.8890 316.0 188
117.4329 318.0 188
118.4656 319.0 188
118.7622 321.0 188
119.6851 322.0 188
119.8553 325.0 188
120.7782 327.0 188
121.3275 329.0 188
122.3712 331.0 188
123.0469 334.0 188
123.3435 336.0 188
124.2609 339.0 188
124.9200 342.0 188
125.0903 345.0 188
125.7605 344.0 188
126.5625 346.0 188
127.2327 348.0 188
128.0292 351.0 188
128.4521 356.0 188
128.7488 361.0 188
129.9188 365.0 188
130.4681 370.0 188
131.0120 374.0 188
136.3403 151.0 188
137.0105 151.0 188
137.6862 151.0 188
138.3563 151.0 188
139.0265 152.0 188
139.7021 152.0 188
140.3723 154.0 188
141.0425 155.0 188
143.0420 161.0 188
143.7177 160.0 188
144.3878 160.0 188
145.0580 160.0 188
145.7336 160.0 188
146.4038 161.0 188
147.0740 162.0 188
147.7496 163.0 188
149.7656 169.0 188
150.4358 169.0 188
151.1060 169.0 188
151.7761 169.0 188
152.4518 170.0 188
153.1219 170.0 188
153.7811 172.0 188
154.1986 174.0 188
154.8743 177.0 188
156.8903 196.0 188
164.9323 189.0 188
165.6079 189.0 188
166.2781 189.0 188
166.9482 189.0 188
167.6239 191.0 188
168.2941 192.0 188
168.9642 194.0 188
169.6399 197.0 188
175.5121 1493.0 188
176.1823 1479.0 188
176.9843 1460.0 188
177.7808 1182.0 188
178.4509 1171.0 188
179.2310 1163.0 188
179.7803 1167.0 188
180.8240 945.0 188
181.7963 1183.0 188
182.4664 1202.0 188
183.1366 1213.0 188
183.8123 1229.0 188
184.4824 1246.0 188
185.1526 1268.0 188
186.4819 1252.0 188
187.1521 1241.0 188
187.8278 1229.0 188
188.4979 1216.0 188
189.1681 1206.0 188
189.8438 1197.0 188
190.6403 1190.0 188
191.1841 1184.0 188
191.8542 1174.0 188
192.5299 1165.0 188
193.1836 1161.0 188
193.8593 1150.0 188
194.6558 1141.0 188
195.3259 1138.0 188
203.3899 1064.0 188
204.0601 1061.0 188
204.7302 1048.0 188
205.4059 1030.0 188
212.9370 1011.0 188
213.6072 1004.0 188
214.2773 1004.0 188
214.9640 1002.0 188
215.6396 1000.0 188
216.3098 994.0 188
216.9800 1001.0 188
217.7765 993.0 188
218.3258 996.0 188
218.9960 993.0 188
219.6716 994.0 188
220.3418 988.0 188
221.0120 985.0 188
221.6986 988.0 188
222.4951 986.0 188
223.1708 986.0 188
223.7146 980.0 188
224.3903 980.0 188
225.0604 979.0 188
225.7306 978.0 188
226.4063 985.0 188
227.0764 986.0 188
227.7466 982.0 188
228.4167 984.0 188
228.9661 1119.0 188
230.0153 867.0 188
230.8118 814.0 188
231.3556 820.0 188
232.1521 820.0 188
232.7014 822.0 188
233.4979 826.0 188
234.0417 827.0 188
234.7174 836.0 188
235.3876 838.0 188
236.1841 839.0 188
236.7334 841.0 188
237.5299 844.0 188
238.0737 844.0 188
238.8702 851.0 188
239.2932 855.0 188
240.0897 856.0 188
240.7654 858.0 188
241.3092 863.0 188
242.1057 866.0 188
242.6550 869.0 188
243.4515 872.0 188
244.1217 875.0 188
244.7919 879.0 188
245.4675 882.0 188
246.0114 907.0 188
246.6980 893.0 188
247.5000 896.0 188
248.0438 899.0 188
248.7140 906.0 188
249.3896 912.0 188
250.0763 917.0 188
250.7465 918.0 188
251.4166 926.0 188
252.0923 931.0 188
252.7789 938.0 188
253.4491 943.0 188
254.1248 950.0 188
254.7949 956.0 188
255.3387 963.0 188
256.0309 970.0 188
256.8274 977.0 188
257.3712 985.0 188
258.0469 991.0 188
258.8544 1000.0 188
259.4037 1006.0 188
260.0739 1004.0 188
260.7495 1015.0 188
261.4197 1023.0 188
262.1063 1036.0 188
262.6556 1044.0 188
263.4521 1063.0 188
263.9960 1063.0 188
264.6826 1074.0 188
265.3418 1086.0 188
266.0120 1096.0 188
266.6711 1107.0 188
267.3413 1115.0 188
267.9950 1126.0 188
268.5443 1145.0 188
269.1980 1157.0 188
270.0000 1169.0 188
270.5273 1184.0 188
271.2030 1200.0 188
271.8567 1213.0 188
272.5269 1229.0 188
273.1860 1240.0 188
273.8562 1257.0 188
274.3890 1284.0 188
275.1855 1309.0 188
275.7184 1324.0 188
276.3885 1345.0 188
277.0422 1366.0 188
277.7179 1386.0 188
278.3716 1410.0 188
278.9209 1433.0 188
279.7009 1451.0 188
280.2448 1475.0 188
280.9039 1501.0 188
281.5741 1532.0 188
282.2333 1564.0 188
282.9034 1593.0 188
283.5571 1625.0 188
284.2328 1654.0 188
284.7656 1686.0 188
285.4358 1723.0 188
286.1060 1762.0 188
286.7761 1799.0 188
287.4518 1833.0 188
288.1219 1876.0 188
288.6713 1929.0 188
289.3414 1981.0 188
290.0116 2031.0 188
290.6873 2066.0 188
291.3574 2124.0 188
292.0276 2181.0 188
292.6978 2245.0 188
293.3734 2313.0 188
293.9172 2386.0 188
294.5929 2445.0 188
295.2631 2541.0 188
295.9332 2618.0 188
296.6089 2685.0 188
301.1847 3549.0 188
306.4362 5649.0 188
307.0898 5652.0 188
307.7655 5646.0 188
308.4357 5640.0 188
309.1058 5637.0 188
309.7650 5631.0 188
310.4352 5587.0 188
311.1053 5593.0 188
311.7810 5608.0 188
312.4512 5640.0 188
313.1049 5619.0 188
313.7805 5634.0 188
314.4507 5602.0 188
315.1208 5590.0 188
315.7800 5602.0 188
316.4502 5599.0 188
317.1204 5619.0 188
317.7960 5640.0 188
318.4662 5613.0 188
319.1199 5652.0 188
319.7955 5660.0 188
320.4657 5631.0 188
321.1359 5640.0 188
321.7950 5628.0 188
322.4652 5628.0 188
323.1354 5646.0 188
323.8110 5666.0 188
324.4812 5666.0 188
325.1404 5675.0 188
325.8105 5684.0 188
326.4807 5693.0 188
327.1509 5720.0 188
327.7002 5778.0 188
328.3704 5803.0 188
329.1669 5794.0 188
329.8425 5825.0 188
330.5127 5602.0 188
331.1829 5379.0 188
331.8585 5236.0 188
332.5287 5039.0 188
333.1989 4928.0 188
333.8745 4949.0 188
334.5447 4963.0 188
335.2148 4965.0 188
335.8905 5004.0 188
336.5607 5013.0 188
337.2308 5062.0 188
337.9010 5072.0 188
338.5767 5115.0 188
339.2468 5149.0 188
339.9170 5156.0 188
340.5927 5211.0 188
341.2628 5224.0 188
341.9330 5241.0 188
342.6086 5298.0 188
343.2788 5321.0 188
343.9490 5363.0 188
344.6246 5401.0 188
345.2948 5403.0 188
345.9650 5458.0 188
346.6406 5564.0 188
