#RPLIDAR SCAN DATA
#COUNT=444
#Angule	Distance	Quality
356.0614 2157.0 188
356.7316 2141.0 188
357.4017 2128.0 188
358.0609 2106.0 188
358.7311 2090.0 188
359.4012 2068.0 188
0.0769 2050.0 188
0.7306 2018.0 188
9.5416 1920.0 188
10.0909 1898.0 188
10.8875 1879.0 188
11.4203 1865.0 188
12.0905 1858.0 188
12.8870 1840.0 188
13.5571 1835.0 188
14.2328 1833.0 188
14.9030 1826.0 188
15.5731 1818.0 188
16.2488 1813.0 188
16.9189 1812.0 188
17.6056 1797.0 188
18.2813 1798.0 188
18.9514 1795.0 188
19.6216 1783.0 188
20.2917 1779.0 188
20.9839 1781.0 188
21.6541 1767.0 188
22.3242 1769.0 188
22.9999 1758.0 188
23.6700 1762.0 188
24.3567 1759.0 188
25.0269 1755.0 188
25.7025 1749.0 188
26.3727 1745.0 188
27.0428 1746.0 188
27.7185 1741.0 188
28.4052 1746.0 188
29.0753 1737.0 188
29.7455 1743.0 188
30.4211 1739.0 188
31.0913 1742.0 188
31.7780 1741.0 188
32.4481 1744.0 188
33.1238 1738.0 188
33.7939 1746.0 188
34.4641 1742.0 188
35.1563 1742.0 188
35.8264 1745.0 188
36.4966 1742.0 188
37.1667 1743.0 188
37.8424 1742.0 188
38.5126 1756.0 188
39.1827 1756.0 188
39.8584 1758.0 188
40.5286 1763.0 188
41.1987 1765.0 188
41.8744 1762.0 188
42.5610 1770.0 188
43.2312 1779.0 188
43.9014 1782.0 188
44.5770 1792.0 188
45.2472 1797.0 188
45.9174 1802.0 188
46.5930 1813.0 188
47.2632 1814.0 188
47.9333 1820.0 188
48.6090 1822.0 188
49.2792 1827.0 188
49.9658 1832.0 188
50.6360 1827.0 188
51.3116 1835.0 188
51.9818 1853.0 188
52.6520 1852.0 188
53.3276 1863.0 188
53.9978 1866.0 188
54.6680 1870.0 188
55.2173 1894.0 188
56.0138 1903.0 188
56.7004 1908.0 188
57.3541 1913.0 188
57.9034 1920.0 188
58.7000 1938.0 188
59.2493 1951.0 188
59.9194 1954.0 188
60.5896 1978.0 188
61.2653 1996.0 188
61.9354 1999.0 188
62.6056 2011.0 188
63.2813 2031.0 188
63.9349 2038.0 188
64.6051 2047.0 188
65.6982 3362.0 188
66.3739 3394.0 188
67.0441 3414.0 188
67.7142 3476.0 188
68.3899 3490.0 188
69.0601 3502.0 188
69.7302 3523.0 188
70.4059 3562.0 188
81.0297 4246.0 188
81.6998 4202.0 188
82.3700 4179.0 188
83.0457 4121.0 188
83.7158 4068.0 188
84.4025 4037.0 188
85.0781 4002.0 188
85.7483 3969.0 188
86.5448 3918.0 188
87.2314 3881.0 188
87.9016 3852.0 188
88.4509 3825.0 188
89.2474 3790.0 188
89.7968 3762.0 188
90.6042 3726.0 188
91.2799 3711.0 188
91.9501 3685.0 188
92.6202 3660.0 188
93.3124 3635.0 188
93.9825 3628.0 188
94.6527 3669.0 188
95.3229 3775.0 188
100.0580 375.0 188
100.7336 363.0 188
101.7773 358.0 188
102.7002 352.0 188
103.3868 347.0 188
103.6670 342.0 188
104.4635 338.0 188
105.5127 335.0 188
106.1719 333.0 188
106.5894 332.0 188
107.6385 330.0 188
107.8088 329.0 188
108.7152 328.0 188
109.2645 327.0 188
109.9347 327.0 188
111.0938 326.0 188
111.2640 325.0 188
112.5604 325.0 188
112.7307 324.0 188
113.8898 324.0 188
114.5599 323.0 188
114.7302 323.0 188
115.3894 322.0 188
115.9332 322.0 188
116.8561 322.0 188
117.5262 321.0 188
118.1854 322.0 188
119.1083 323.0 188
119.2786 324.0 188
120.3113 326.0 188
120.8551 328.0 188
121.5308 329.0 188
121.9482 331.0 188
122.6074 333.0 188
123.4039 335.0 188
123.9478 337.0 188
124.9969 339.0 188
125.6671 341.0 188
125.7166 344.0 188
126.6394 344.0 188
127.4359 349.0 188
128.2324 346.0 188
128.6554 348.0 188
129.4519 351.0 188
129.7485 356.0 188
130.2924 360.0 188
131.0889 364.0 188
131.9019 368.0 188
132.1985 372.0 188
137.1204 169.0 188
137.7960 169.0 188
138.4662 168.0 188
139.1364 168.0 188
139.8120 169.0 188
140.4822 170.0 188
141.1523 172.0 188
141.8280 170.0 188
142.2455 174.0 188
142.9321 177.0 188
143.6078 173.0 188
144.2780 173.0 188
144.9481 173.0 188
145.6238 173.0 188
146.2939 173.0 188
146.9641 175.0 188
147.6398 177.0 188
149.6667 180.0 188
150.3259 180.0 188
150.9961 180.0 188
151.6718 181.0 188
152.3254 181.0 188
152.9956 183.0 188
153.6713 185.0 188
154.3414 188.0 188
154.9951 191.0 188
155.6708 195.0 188
156.3409 197.0 188
156.9946 200.0 188
157.0441 202.0 188
165.0146 190.0 188
165.6848 191.0 188
166.3385 191.0 188
167.0142 192.0 188
167.6843 193.0 188
167.9810 194.0 188
169.0137 196.0 188
169.6838 198.0 188
164.2786 1270.0 188
164.9487 1260.0 188
165.7452 1240.0 188
166.4209 1222.0 188
167.0911 1207.0 188
167.7612 1195.0 188
168.5577 1169.0 188
173.9355 1100.0 188
174.7321 1081.0 188
175.2759 1072.0 188
176.0779 1055.0 188
176.7480 1047.0 188
177.4182 1047.0 188
178.0884 1033.0 188
178.7640 1025.0 188
179.4342 1016.0 188
180.1044 1000.0 188
180.7800 1004.0 188
181.4502 996.0 188
182.1204 985.0 188
182.7960 975.0 188
183.4662 971.0 188
184.1364 964.0 188
184.9329 956.0 188
185.6085 954.0 188
186.1688 951.0 188
186.9653 942.0 188
187.6355 937.0 188
188.1848 930.0 188
188.9813 923.0 188
189.6515 920.0 188
190.3271 920.0 188
190.9973 911.0 188
191.6675 906.0 188
192.4640 906.0 188
193.1396 904.0 188
193.6835 896.0 188
194.4800 894.0 188
195.0293 888.0 188
195.8258 890.0 188
205.3125 190.0 188
205.9827 191.0 188
203.5931 689.0 188
204.2633 687.0 188
204.9335 680.0 188
211.6681 704.0 188
212.4646 684.0 188
213.1403 680.0 188
213.8269 681.0 188
214.3707 681.0 188
215.1672 683.0 188
215.8429 685.0 188
216.5131 690.0 188
217.0624 684.0 188
217.8589 685.0 188
218.5291 686.0 188
219.0894 687.0 188
219.7650 687.0 188
220.5615 687.0 188
221.2317 690.0 188
221.7810 691.0 188
222.5775 692.0 188
223.1213 693.0 188
223.7915 695.0 188
224.4836 698.0 188
225.1538 700.0 188
225.8240 700.0 188
226.6205 702.0 188
227.1698 706.0 188
227.7136 707.0 188
228.5156 710.0 188
229.0594 712.0 188
229.8724 714.0 188
230.5426 718.0 188
231.0919 720.0 188
231.8884 723.0 188
232.4323 743.0 188
233.2343 730.0 188
233.9044 731.0 188
234.4482 736.0 188
235.1239 740.0 188
235.7941 737.0 188
236.4642 735.0 188
237.1509 741.0 188
237.9529 743.0 188
238.4967 748.0 188
239.0460 752.0 188
239.8425 756.0 188
240.5127 764.0 188
241.0620 766.0 188
241.8585 771.0 188
242.5287 778.0 188
243.0780 783.0 188
243.8745 788.0 188
244.4348 791.0 188
245.1050 800.0 188
245.7806 807.0 188
246.4508 813.0 188
247.1210 818.0 188
247.7966 826.0 188
248.4668 833.0 188
249.1370 840.0 188
249.6863 847.0 188
250.3564 854.0 188
250.9167 863.0 188
251.5924 872.0 188
252.2626 878.0 188
253.0591 888.0 188
253.6084 897.0 188
254.2786 907.0 188
254.9487 913.0 188
255.6354 923.0 188
256.3110 930.0 188
256.9812 946.0 188
257.6514 954.0 188
258.2007 968.0 188
258.8708 990.0 188
259.5575 1002.0 188
260.2332 1014.0 188
260.9033 1027.0 188
261.5735 1040.0 188
262.2491 1057.0 188
262.9193 1069.0 188
263.4686 1085.0 188
264.1553 1101.0 188
264.8254 1117.0 188
265.4956 1133.0 188
266.0449 1150.0 188
266.8414 1167.0 188
267.3853 1188.0 188
268.0774 1208.0 188
268.7476 1225.0 188
269.4177 1252.0 188
270.0934 1269.0 188
270.6372 1291.0 188
271.3074 1317.0 188
271.9995 1341.0 188
272.6532 1371.0 188
273.3234 1394.0 188
273.9825 1425.0 188
274.5264 1457.0 188
275.1855 1486.0 188
275.8557 1517.0 188
276.5149 1550.0 188
277.1851 1596.0 188
277.8387 1630.0 188
278.3881 1674.0 188
279.0417 1714.0 188
279.7174 1761.0 188
280.3711 1814.0 188
281.0468 1860.0 188
281.5741 1911.0 188
282.2498 1990.0 188
282.9199 2041.0 188
283.5736 2096.0 188
284.2493 2163.0 188
284.9030 2237.0 188
285.4523 2323.0 188
286.1060 2386.0 188
286.7761 2460.0 188
290.6378 3236.0 188
293.8403 4482.0 188
294.5105 4924.0 188
295.1862 5193.0 188
295.8563 5318.0 188
296.5265 5337.0 188
297.2021 5369.0 188
297.8723 5345.0 188
298.5425 5374.0 188
299.2181 5339.0 188
299.8883 5339.0 188
300.5585 5337.0 188
301.2341 5313.0 188
301.9043 5339.0 188
302.5745 5339.0 188
303.2446 5339.0 188
303.9038 5347.0 188
304.5740 5326.0 188
305.2496 5334.0 188
305.9198 5353.0 188
306.5900 5342.0 188
307.2656 5361.0 188
307.9358 5350.0 188
308.6060 5355.0 188
309.2761 5361.0 188
309.9518 5398.0 188
310.6219 5369.0 188
311.2921 5377.0 188
311.9678 5398.0 188
317.9663 5463.0 188
318.6200 5530.0 188
319.2957 5579.0 188
319.9658 5570.0 188
320.6250 5550.0 188
321.2952 5369.0 188
321.9489 5226.0 188
322.6245 5079.0 188
323.2782 4912.0 188
323.9484 4708.0 188
324.6240 4740.0 188
325.2777 4748.0 188
325.9479 4780.0 188
326.6071 4784.0 188
327.2772 4804.0 188
327.9364 4845.0 188
328.6066 4856.0 188
329.2603 4883.0 188
329.9359 4906.0 188
330.6061 4960.0 188
331.2653 4981.0 188
331.9354 5018.0 188
332.5891 5044.0 188
333.2648 5084.0 188
333.9185 5139.0 188
334.5886 5147.0 188
335.2643 5186.0 188
335.9180 5244.0 188
336.5936 5267.0 188
337.2638 5311.0 188
337.9340 5339.0 188
338.6041 5377.0 188
339.2798 5444.0 188
339.9500 5494.0 188
340.6201 5559.0 188
341.2958 5593.0 188
341.9659 5646.0 188
342.6361 5717.0 188
343.5590 2629.0 188
344.2291 2603.0 188
344.9048 2571.0 188
345.5750 2534.0 188
346.2451 2505.0 188
346.9043 2503.0 188
357.0886 152.0 188
357.7643 149.0 188
358.4344 152.0 188
